index	prediction
0	0
1	1
2	2
3	1
4	1
5	1
6	1
7	1
8	1
9	1
10	0
11	1
12	0
13	2
14	1
15	0
16	0
17	1
18	0
19	0
20	0
21	0
22	1
23	1
24	1
25	2
26	2
27	2
28	1
29	0
30	1
31	2
32	1
33	1
34	1
35	1
36	2
37	2
38	2
39	0
40	2
41	1
42	1
43	0
44	1
45	2
46	0
47	2
48	2
49	2
50	1
51	1
52	1
53	0
54	1
55	2
56	1
57	1
58	2
59	1
60	0
61	1
62	0
63	2
64	1
65	1
66	1
67	0
68	1
69	0
70	1
71	1
72	2
73	1
74	2
75	1
76	1
77	2
78	0
79	0
80	2
81	0
82	2
83	1
84	2
85	2
86	1
87	1
88	2
89	0
90	1
91	1
92	1
93	2
94	1
95	1
96	1
97	1
98	1
99	1
100	1
101	0
102	0
103	0
104	0
105	2
106	1
107	2
108	2
109	2
110	2
111	2
112	1
113	2
114	2
115	1
116	2
117	1
118	1
119	2
120	0
121	2
122	1
123	1
124	0
125	0
126	1
127	1
128	1
129	1
130	1
131	0
132	1
133	2
134	2
135	1
136	1
137	2
138	1
139	1
140	2
141	0
142	1
143	2
144	2
145	1
146	1
147	1
148	2
149	0
150	1
151	2
152	2
153	1
154	2
155	1
156	1
157	0
158	0
159	0
160	2
161	0
162	2
163	1
164	1
165	1
166	1
167	0
168	0
169	2
170	1
171	1
172	2
173	1
174	0
175	2
176	2
177	1
178	1
179	2
180	2
181	0
182	1
183	1
184	1
185	1
186	2
187	1
188	0
189	2
190	2
191	2
192	1
193	2
194	1
195	1
196	1
197	0
198	2
199	2
200	2
201	1
202	2
203	0
204	2
205	0
206	1
207	2
208	2
209	1
210	0
211	2
212	1
213	1
214	2
215	1
216	1
217	2
218	2
219	1
220	2
221	1
222	1
223	1
224	1
225	0
226	1
227	1
228	2
229	1
230	1
231	1
232	1
233	1
234	2
235	2
236	1
237	1
238	0
239	1
240	1
241	1
242	1
243	1
244	1
245	1
246	2
247	1
248	1
249	1
250	1
251	1
252	2
253	1
254	1
255	2
256	1
257	0
258	1
259	0
260	2
261	1
262	2
263	0
264	0
265	0
266	1
267	1
268	2
269	1
270	1
271	1
272	1
273	0
274	1
275	2
276	1
277	0
278	0
279	0
280	0
281	0
282	1
283	1
284	1
285	1
286	1
287	0
288	1
289	0
290	2
291	1
292	1
293	2
294	1
295	2
296	0
297	2
298	1
299	1
300	1
301	0
302	1
303	0
304	1
305	0
306	0
307	1
308	1
309	0
310	2
311	0
312	2
313	2
314	1
315	0
316	1
317	0
318	2
319	1
320	2
321	1
322	1
323	2
324	0
325	1
326	1
327	2
328	2
329	1
330	1
331	2
332	1
333	0
334	2
335	1
336	0
337	2
338	2
339	1
340	1
341	2
342	0
343	1
344	0
345	1
346	0
347	1
348	2
349	1
350	0
351	1
352	2
353	0
354	0
355	1
356	2
357	1
358	1
359	2
360	2
361	2
362	1
363	2
364	2
365	2
366	0
367	1
368	1
369	1
370	0
371	2
372	2
373	2
374	1
375	2
376	2
377	1
378	2
379	1
380	1
381	1
382	2
383	0
384	2
385	0
386	1
387	1
388	0
389	2
390	1
391	0
392	1
393	0
394	1
395	0
396	2
397	2
398	1
399	1
400	0
401	2
402	2
403	2
404	1
405	2
406	1
407	0
408	1
409	1
410	1
411	2
412	0
413	0
414	0
415	0
416	1
417	2
418	0
419	1
420	2
421	1
422	1
423	1
424	2
425	0
426	0
427	1
428	0
429	2
430	0
431	2
432	0
433	0
434	1
435	0
436	1
437	2
438	2
439	1
440	1
441	1
442	1
443	2
444	1
445	2
446	1
447	0
448	1
449	0
450	0
451	1
452	2
453	0
454	0
455	0
456	0
457	2
458	1
459	2
460	1
461	1
462	1
463	1
464	0
465	1
466	0
467	2
468	1
469	1
470	1
471	1
472	1
473	1
474	2
475	1
476	1
477	2
478	2
479	2
480	0
481	1
482	1
483	2
484	1
485	2
486	0
487	2
488	1
489	2
490	1
491	2
492	1
493	1
494	1
495	1
496	2
497	2
498	1
499	1
500	2
501	1
502	1
503	0
504	1
505	1
506	0
507	1
508	0
509	2
510	1
511	0
512	0
513	2
514	2
515	2
516	2
517	2
518	0
519	1
520	2
521	0
522	2
523	0
524	1
525	2
526	1
527	1
528	0
529	1
530	2
531	2
532	1
533	2
534	0
535	2
536	0
537	2
538	1
539	1
540	0
541	2
542	0
543	1
544	2
545	2
546	2
547	1
548	1
549	1
550	0
551	1
552	1
553	1
554	1
555	2
556	0
557	0
558	1
559	1
560	2
561	1
562	1
563	1
564	1
565	1
566	1
567	0
568	2
569	0
570	1
571	1
572	1
573	1
574	1
575	0
576	1
577	1
578	1
579	2
580	2
581	0
582	0
583	1
584	0
585	1
586	1
587	2
588	0
589	2
590	2
591	2
592	1
593	0
594	2
595	1
596	0
597	1
598	1
599	2
600	0
601	1
602	1
603	2
604	0
605	0
606	0
607	2
608	0
609	2
610	2
611	1
612	2
613	2
614	0
615	2
616	1
617	1
618	1
619	1
620	2
621	1
622	0
623	2
624	2
625	2
626	2
627	2
628	0
629	2
630	2
631	1
632	2
633	0
634	1
635	1
636	1
637	2
638	2
639	0
640	2
641	1
642	1
643	2
644	2
645	2
646	2
647	0
648	1
649	1
650	0
651	0
652	1
653	1
654	1
655	2
656	2
657	1
658	1
659	1
660	2
661	1
662	0
663	1
664	0
665	1
666	2
667	1
668	2
669	1
670	1
671	1
672	2
673	0
674	2
675	1
676	0
677	2
678	1
679	0
680	1
681	1
682	1
683	2
684	1
685	2
686	2
687	0
688	1
689	0
690	1
691	1
692	0
693	2
694	0
695	0
696	1
697	0
698	1
699	2
700	2
701	1
702	2
703	2
704	1
705	2
706	0
707	2
708	1
709	0
710	2
711	0
712	1
713	2
714	1
715	1
716	1
717	1
718	2
719	1
720	1
721	0
722	1
723	1
724	2
725	2
726	2
727	1
728	1
729	1
730	0
731	1
732	0
733	1
734	0
735	0
736	1
737	1
738	2
739	2
740	2
741	1
742	1
743	1
744	2
745	2
746	1
747	2
748	1
749	2
750	0
751	2
752	0
753	1
754	0
755	1
756	1
757	0
758	1
759	1
760	2
761	1
762	1
763	2
764	1
765	1
766	1
767	2
768	2
769	1
770	1
771	0
772	0
773	2
774	1
775	1
776	1
777	0
778	2
779	1
780	1
781	1
782	1
783	1
784	1
785	1
786	2
787	0
788	2
789	2
790	1
791	1
792	1
793	1
794	0
795	1
796	1
797	1
798	1
799	2
800	1
801	2
802	1
803	1
804	1
805	1
806	0
807	1
808	1
809	1
810	0
811	1
812	2
813	2
814	1
815	2
816	1
817	1
818	1
819	1
820	2
821	1
822	1
823	1
824	1
825	2
826	2
827	1
828	2
829	1
830	2
831	0
832	0
833	1
834	1
835	1
836	0
837	0
838	2
839	0
840	1
841	0
842	0
843	1
844	1
845	2
846	2
847	1
848	1
849	1
850	0
851	2
852	0
853	1
854	0
855	0
856	1
857	0
858	1
859	1
860	0
861	1
862	2
863	1
864	0
865	1
866	0
867	0
868	0
869	0
870	1
871	0
872	0
873	1
874	1
875	0
876	2
877	0
878	0
879	0
880	1
881	0
882	1
883	1
884	0
885	1
886	0
887	0
888	0
889	0
890	1
891	1
892	1
893	1
894	2
895	1
896	1
897	0
898	2
899	2
900	1
901	0
902	0
903	1
904	0
905	1
906	1
907	0
908	1
909	1
910	1
911	1
912	2
913	1
914	1
915	1
916	2
917	1
918	1
919	0
920	1
921	2
922	0
923	1
924	1
925	1
926	1
927	0
928	1
929	0
930	0
931	2
932	2
933	0
934	1
935	1
936	1
937	1
938	1
939	1
940	0
941	1
942	2
943	0
944	0
945	0
946	0
947	0
948	1
949	2
950	1
951	1
952	2
953	2
954	2
955	0
956	2
957	1
958	2
959	1
960	1
961	2
962	1
963	2
964	0
965	2
966	1
967	0
968	1
969	2
970	0
971	2
972	1
973	2
974	2
975	1
976	2
977	0
978	1
979	1
980	1
981	1
982	0
983	2
984	1
985	1
986	2
987	1
988	1
989	2
990	1
991	0
992	1
993	0
994	1
995	1
996	1
997	1
998	0
999	1
1000	2
1001	1
1002	1
1003	0
1004	1
1005	0
1006	2
1007	0
1008	2
1009	1
1010	1
1011	0
1012	1
1013	1
1014	2
1015	1
1016	2
1017	1
1018	1
1019	1
1020	1
1021	1
1022	0
1023	1
1024	1
1025	1
1026	2
1027	1
1028	2
1029	0
1030	1
1031	1
1032	2
1033	2
1034	0
1035	1
1036	2
1037	2
1038	2
1039	1
1040	0
1041	2
1042	0
1043	1
1044	1
1045	2
1046	0
1047	2
1048	0
1049	0
1050	2
1051	0
1052	1
1053	0
1054	1
1055	1
1056	2
1057	0
1058	2
1059	1
1060	1
1061	2
1062	1
1063	2
1064	1
1065	1
1066	1
1067	1
1068	2
1069	1
1070	1
1071	1
1072	1
1073	1
1074	2
1075	1
1076	1
1077	1
1078	0
1079	1
1080	1
1081	1
1082	2
1083	1
1084	1
1085	1
1086	2
1087	2
1088	2
1089	1
1090	2
1091	0
1092	1
1093	0
1094	2
1095	0
1096	0
1097	0
1098	0
1099	0
1100	2
1101	1
1102	1
1103	1
1104	1
1105	2
1106	1
1107	1
1108	1
1109	2
1110	2
1111	2
1112	0
1113	1
1114	1
1115	1
1116	2
1117	1
1118	1
1119	1
1120	1
1121	0
1122	2
1123	1
1124	1
1125	2
1126	2
1127	2
1128	1
1129	2
1130	1
1131	2
1132	0
1133	1
1134	1
1135	1
1136	1
1137	1
1138	1
1139	2
1140	1
1141	1
1142	1
1143	0
1144	1
1145	2
1146	2
1147	1
1148	1
1149	1
1150	1
1151	0
1152	1
1153	0
1154	2
1155	2
1156	1
1157	1
1158	1
1159	0
1160	1
1161	0
1162	1
1163	1
1164	0
1165	1
1166	1
1167	1
1168	2
1169	1
1170	1
1171	1
1172	2
1173	1
1174	1
1175	1
1176	2
1177	1
1178	2
1179	1
1180	2
1181	1
1182	1
1183	1
1184	1
1185	1
1186	2
1187	1
1188	1
1189	1
1190	2
1191	0
1192	1
1193	2
1194	0
1195	0
1196	2
1197	2
1198	1
1199	2
1200	0
1201	2
1202	1
1203	2
1204	1
1205	0
1206	0
1207	1
1208	1
1209	1
1210	1
1211	1
1212	1
1213	1
1214	0
1215	1
1216	1
1217	2
1218	1
1219	2
1220	1
1221	1
1222	1
1223	0
1224	0
1225	2
1226	2
1227	1
1228	1
1229	2
1230	2
1231	0
1232	2
1233	1
1234	1
1235	1
1236	2
1237	1
1238	0
1239	0
1240	1
1241	1
1242	1
1243	2
1244	1
1245	1
1246	0
1247	2
1248	1
1249	1
1250	1
1251	1
1252	1
1253	0
1254	2
1255	2
1256	1
1257	0
1258	1
1259	1
1260	1
1261	0
1262	0
1263	1
1264	1
1265	1
1266	2
1267	2
1268	1
1269	1
1270	2
1271	0
1272	1
1273	0
1274	1
1275	0
1276	2
1277	2
1278	1
1279	2
1280	0
1281	0
1282	1
1283	2
1284	0
1285	1
1286	1
1287	1
1288	0
1289	1
1290	1
1291	0
1292	2
1293	1
1294	1
1295	1
1296	1
1297	1
1298	1
1299	1
1300	1
1301	2
1302	1
1303	2
1304	1
1305	1
1306	0
1307	2
1308	1
1309	0
1310	1
1311	2
1312	2
1313	2
1314	1
1315	1
1316	1
1317	1
1318	0
1319	1
1320	0
1321	2
1322	1
1323	2
1324	1
1325	1
1326	1
1327	2
1328	1
1329	1
1330	2
1331	0
1332	0
1333	2
1334	1
1335	1
1336	1
1337	1
1338	1
1339	0
1340	2
1341	0
1342	0
1343	1
1344	1
1345	0
1346	2
1347	1
1348	1
1349	2
1350	1
1351	1
1352	0
1353	0
1354	1
1355	0
1356	0
1357	1
1358	0
1359	2
1360	0
1361	2
1362	2
1363	1
1364	2
1365	0
1366	0
1367	0
1368	1
1369	0
1370	1
1371	2
1372	1
1373	2
1374	0
1375	0
1376	1
1377	0
1378	0
1379	1
1380	1
1381	1
1382	2
1383	1
1384	2
1385	1
1386	0
1387	1
1388	0
1389	0
1390	2
1391	1
1392	2
1393	1
1394	0
1395	2
1396	1
1397	1
1398	1
1399	1
1400	0
1401	1
1402	1
1403	2
1404	1
1405	0
1406	0
1407	2
1408	2
1409	2
1410	1
1411	2
1412	0
1413	1
1414	1
1415	1
1416	2
1417	2
1418	0
1419	1
1420	2
1421	1
1422	0
1423	1
1424	0
1425	2
1426	1
1427	1
1428	2
1429	1
1430	1
1431	0
1432	2
1433	1
1434	1
1435	1
1436	0
1437	0
1438	2
1439	2
1440	1
1441	1
1442	1
1443	1
1444	2
1445	2
1446	1
1447	2
1448	2
1449	1
1450	2
1451	2
1452	1
1453	1
1454	0
1455	1
1456	1
1457	1
1458	1
1459	1
1460	1
1461	2
1462	0
1463	1
1464	1
1465	2
1466	1
1467	1
1468	2
1469	0
1470	1
1471	1
1472	1
1473	2
1474	1
1475	1
1476	1
1477	1
1478	0
1479	1
1480	1
1481	1
1482	1
1483	0
1484	1
1485	1
1486	0
1487	1
1488	2
1489	0
1490	1
1491	1
1492	0
1493	0
1494	0
1495	0
1496	0
1497	0
1498	1
1499	1
1500	2
1501	1
1502	1
1503	0
1504	1
1505	1
1506	1
1507	0
1508	1
1509	1
1510	0
1511	1
1512	1
1513	1
1514	1
1515	0
1516	1
1517	1
1518	2
1519	1
1520	0
1521	1
1522	0
1523	0
1524	2
1525	2
1526	1
1527	0
1528	1
1529	0
1530	1
1531	1
1532	1
1533	0
1534	0
1535	2
1536	0
1537	2
1538	1
1539	0
1540	2
1541	1
1542	1
1543	1
1544	1
1545	0
1546	0
1547	0
1548	2
1549	1
1550	1
1551	2
1552	0
1553	0
1554	2
1555	1
1556	1
1557	1
1558	0
1559	1
1560	1
1561	1
1562	2
1563	1
1564	1
1565	2
1566	1
1567	2
1568	1
1569	1
1570	2
1571	2
1572	1
1573	1
1574	1
1575	2
1576	2
1577	0
1578	1
1579	1
1580	1
1581	1
1582	0
1583	2
1584	1
1585	0
1586	0
1587	0
1588	0
1589	1
1590	2
1591	1
1592	1
1593	2
1594	1
1595	0
1596	2
1597	0
1598	1
1599	2
1600	2
1601	2
1602	1
1603	2
1604	2
1605	2
1606	2
1607	1
1608	1
1609	1
1610	2
1611	1
1612	2
1613	2
1614	2
1615	1
1616	1
1617	1
1618	2
1619	0
1620	2
1621	1
1622	1
1623	1
1624	1
1625	1
1626	1
1627	1
1628	2
1629	1
1630	2
1631	0
1632	1
1633	1
1634	1
1635	1
1636	1
1637	2
1638	1
1639	2
1640	1
1641	1
1642	2
1643	1
1644	1
1645	1
1646	2
1647	1
1648	2
1649	2
1650	2
1651	1
1652	1
1653	2
1654	1
1655	1
1656	1
1657	2
1658	0
1659	1
1660	1
1661	1
1662	1
1663	2
1664	0
1665	0
1666	1
1667	0
1668	2
1669	1
1670	1
1671	1
1672	0
1673	0
1674	2
1675	2
1676	1
1677	0
1678	0
1679	2
1680	1
1681	1
1682	1
1683	2
1684	1
1685	1
1686	0
1687	0
1688	0
1689	1
1690	2
1691	1
1692	1
1693	1
1694	1
1695	2
1696	1
1697	2
1698	2
1699	1
1700	2
1701	1
1702	2
1703	1
1704	1
1705	0
1706	1
1707	1
1708	1
1709	2
1710	1
1711	1
1712	1
1713	2
1714	0
1715	0
1716	2
1717	1
1718	1
1719	1
1720	1
1721	0
1722	2
1723	1
1724	0
1725	2
1726	2
1727	1
1728	1
1729	1
1730	0
1731	2
1732	2
1733	0
1734	1
1735	1
1736	2
1737	2
1738	1
1739	1
1740	2
1741	1
1742	2
1743	0
1744	2
1745	1
1746	1
1747	1
1748	0
1749	1
1750	1
1751	1
1752	2
1753	0
1754	1
1755	1
1756	1
1757	0
1758	1
1759	1
1760	0
1761	2
1762	2
1763	1
1764	1
1765	1
1766	2
1767	2
1768	1
1769	1
1770	1
1771	0
1772	0
1773	0
1774	2
1775	1
1776	1
1777	2
1778	2
1779	1
1780	1
1781	2
1782	2
1783	1
1784	2
1785	1
1786	1
1787	2
1788	2
1789	1
1790	1
1791	1
1792	2
1793	1
1794	1
1795	1
1796	0
1797	0
1798	1
1799	2
1800	1
1801	0
1802	1
1803	2
1804	2
1805	1
1806	2
1807	1
1808	1
1809	1
1810	2
1811	0
1812	2
1813	2
1814	2
1815	0
1816	2
1817	1
1818	2
1819	1
1820	1
1821	1
1822	0
1823	0
1824	1
1825	0
1826	1
1827	2
1828	2
1829	2
1830	1
1831	0
1832	2
1833	1
1834	1
1835	0
1836	2
1837	1
1838	1
1839	1
1840	2
1841	0
1842	0
1843	1
1844	1
1845	1
1846	2
1847	0
1848	1
1849	2
1850	2
1851	2
1852	1
1853	1
1854	0
1855	1
1856	1
1857	1
1858	0
1859	1
1860	1
1861	1
1862	2
1863	0
1864	1
1865	1
1866	2
1867	1
1868	0
1869	2
1870	2
1871	0
1872	1
1873	1
1874	1
1875	1
1876	0
1877	1
1878	0
1879	1
1880	1
1881	1
1882	2
1883	1
1884	1
1885	0
1886	2
1887	1
1888	1
1889	1
1890	1
1891	1
1892	1
1893	1
1894	1
1895	1
1896	2
1897	1
1898	1
1899	1
1900	0
1901	1
1902	0
1903	1
1904	2
1905	2
1906	2
1907	2
1908	1
1909	1
1910	1
1911	0
1912	2
1913	1
1914	0
1915	2
1916	1
1917	1
1918	1
1919	1
1920	0
1921	0
1922	1
1923	0
1924	2
1925	1
1926	0
1927	1
1928	1
1929	2
1930	1
1931	1
1932	1
1933	2
1934	1
1935	1
1936	2
1937	0
1938	1
1939	0
1940	0
1941	1
1942	1
1943	1
1944	1
1945	2
1946	2
1947	2
1948	1
1949	0
1950	0
1951	2
1952	0
1953	1
1954	2
1955	1
1956	1
1957	0
1958	1
1959	1
1960	2
1961	2
1962	1
1963	2
1964	0
1965	0
1966	0
1967	1
1968	0
1969	0
1970	1
1971	1
1972	2
1973	2
1974	0
1975	2
1976	0
1977	2
1978	0
1979	2
1980	0
1981	0
1982	0
1983	1
1984	1
1985	1
1986	0
1987	0
1988	2
1989	1
1990	1
1991	1
1992	1
1993	0
1994	1
1995	1
1996	2
1997	1
1998	2
1999	1
