index	prediction
0	1
1	0
2	0
3	0
4	1
5	0
6	0
7	1
8	0
9	0
10	2
11	0
12	0
13	0
14	0
15	1
16	2
17	1
18	0
19	1
20	2
21	0
22	0
23	1
24	0
25	2
26	2
27	1
28	0
29	0
30	2
31	2
32	0
33	1
34	0
35	0
36	0
37	2
38	0
39	0
40	0
41	2
42	1
43	0
44	2
45	2
46	0
47	2
48	2
49	2
50	0
51	0
52	1
53	0
54	1
55	1
56	1
57	1
58	2
59	0
60	0
61	1
62	0
63	2
64	1
65	1
66	0
67	0
68	0
69	0
70	1
71	0
72	0
73	1
74	0
75	1
76	1
77	0
78	0
79	0
80	2
81	0
82	2
83	0
84	2
85	2
86	1
87	0
88	2
89	0
90	1
91	0
92	1
93	2
94	2
95	1
96	1
97	2
98	1
99	1
100	0
101	0
102	1
103	0
104	1
105	2
106	1
107	0
108	2
109	2
110	0
111	1
112	2
113	0
114	1
115	1
116	2
117	1
118	1
119	2
120	0
121	2
122	1
123	2
124	0
125	2
126	1
127	1
128	0
129	2
130	1
131	2
132	1
133	2
134	2
135	0
136	0
137	0
138	0
139	2
140	2
141	0
142	1
143	2
144	2
145	1
146	0
147	0
148	1
149	0
150	2
151	0
152	2
153	2
154	2
155	1
156	1
157	0
158	0
159	1
160	2
161	0
162	2
163	0
164	0
165	2
166	0
167	0
168	0
169	1
170	0
171	2
172	0
173	1
174	0
175	0
176	2
177	2
178	2
179	2
180	2
181	0
182	0
183	0
184	1
185	1
186	2
187	1
188	0
189	2
190	2
191	2
192	1
193	0
194	0
195	1
196	0
197	1
198	2
199	0
200	1
201	0
202	2
203	0
204	2
205	0
206	0
207	2
208	0
209	0
210	0
211	2
212	1
213	2
214	2
215	1
216	0
217	2
218	2
219	0
220	2
221	2
222	2
223	1
224	0
225	0
226	2
227	1
228	0
229	1
230	1
231	0
232	0
233	1
234	1
235	2
236	0
237	1
238	1
239	0
240	0
241	1
242	0
243	1
244	0
245	1
246	2
247	2
248	1
249	1
250	0
251	1
252	0
253	1
254	1
255	0
256	2
257	0
258	1
259	0
260	0
261	1
262	2
263	0
264	1
265	2
266	1
267	0
268	1
269	0
270	2
271	0
272	2
273	0
274	0
275	0
276	0
277	0
278	0
279	0
280	0
281	0
282	2
283	1
284	0
285	1
286	1
287	0
288	1
289	2
290	1
291	1
292	0
293	2
294	1
295	2
296	1
297	2
298	0
299	0
300	0
301	2
302	0
303	0
304	2
305	0
306	1
307	2
308	0
309	0
310	2
311	2
312	2
313	0
314	0
315	1
316	1
317	0
318	2
319	0
320	2
321	1
322	0
323	2
324	0
325	0
326	1
327	2
328	2
329	0
330	2
331	0
332	0
333	0
334	2
335	0
336	0
337	2
338	2
339	1
340	1
341	0
342	0
343	0
344	0
345	0
346	0
347	0
348	0
349	1
350	1
351	0
352	2
353	0
354	0
355	1
356	2
357	1
358	2
359	0
360	0
361	2
362	2
363	0
364	0
365	1
366	0
367	1
368	2
369	0
370	0
371	0
372	2
373	2
374	1
375	2
376	2
377	1
378	2
379	0
380	2
381	0
382	0
383	2
384	2
385	0
386	0
387	0
388	0
389	2
390	1
391	0
392	1
393	0
394	1
395	0
396	0
397	2
398	1
399	2
400	0
401	2
402	2
403	2
404	1
405	2
406	1
407	2
408	0
409	1
410	1
411	2
412	0
413	1
414	0
415	0
416	2
417	0
418	0
419	2
420	2
421	1
422	1
423	0
424	2
425	0
426	0
427	0
428	0
429	2
430	1
431	0
432	2
433	0
434	2
435	0
436	1
437	2
438	2
439	0
440	0
441	1
442	1
443	2
444	1
445	2
446	1
447	0
448	1
449	1
450	0
451	1
452	2
453	1
454	1
455	1
456	0
457	0
458	0
459	0
460	0
461	0
462	0
463	1
464	0
465	1
466	0
467	2
468	2
469	0
470	1
471	1
472	1
473	1
474	2
475	0
476	0
477	0
478	2
479	2
480	0
481	0
482	1
483	0
484	0
485	0
486	0
487	2
488	0
489	2
490	1
491	2
492	0
493	2
494	2
495	0
496	2
497	0
498	0
499	0
500	0
501	1
502	2
503	0
504	1
505	0
506	1
507	2
508	0
509	2
510	0
511	2
512	0
513	0
514	2
515	1
516	2
517	2
518	0
519	0
520	1
521	2
522	2
523	0
524	1
525	2
526	0
527	1
528	0
529	1
530	2
531	2
532	1
533	2
534	0
535	2
536	0
537	0
538	0
539	0
540	2
541	2
542	1
543	1
544	2
545	0
546	2
547	0
548	0
549	2
550	0
551	2
552	0
553	1
554	0
555	0
556	1
557	0
558	0
559	0
560	2
561	1
562	1
563	1
564	0
565	2
566	0
567	0
568	0
569	0
570	1
571	0
572	0
573	2
574	0
575	0
576	1
577	2
578	2
579	0
580	0
581	1
582	0
583	2
584	0
585	1
586	1
587	2
588	1
589	1
590	0
591	2
592	0
593	0
594	0
595	2
596	0
597	0
598	1
599	1
600	0
601	2
602	2
603	2
604	0
605	0
606	0
607	2
608	0
609	2
610	0
611	0
612	2
613	0
614	0
615	2
616	1
617	0
618	1
619	0
620	2
621	1
622	1
623	2
624	0
625	2
626	0
627	0
628	0
629	0
630	2
631	1
632	2
633	0
634	0
635	1
636	1
637	0
638	1
639	0
640	2
641	1
642	0
643	2
644	2
645	2
646	2
647	0
648	0
649	2
650	0
651	0
652	1
653	2
654	1
655	2
656	2
657	2
658	1
659	0
660	0
661	0
662	0
663	0
664	0
665	2
666	2
667	2
668	2
669	1
670	1
671	0
672	2
673	0
674	2
675	1
676	2
677	2
678	0
679	0
680	1
681	1
682	0
683	2
684	1
685	1
686	0
687	0
688	1
689	0
690	0
691	0
692	0
693	2
694	0
695	0
696	0
697	0
698	0
699	2
700	0
701	0
702	0
703	2
704	1
705	2
706	0
707	2
708	1
709	0
710	0
711	0
712	1
713	2
714	2
715	1
716	0
717	0
718	2
719	2
720	1
721	0
722	1
723	1
724	0
725	2
726	2
727	2
728	1
729	1
730	1
731	0
732	0
733	1
734	0
735	0
736	1
737	2
738	2
739	2
740	1
741	2
742	0
743	1
744	0
745	1
746	0
747	2
748	0
749	2
750	0
751	2
752	0
753	0
754	0
755	1
756	0
757	1
758	0
759	1
760	0
761	2
762	0
763	2
764	2
765	1
766	1
767	1
768	1
769	0
770	1
771	0
772	0
773	2
774	1
775	0
776	1
777	0
778	2
779	1
780	0
781	2
782	1
783	1
784	1
785	1
786	0
787	0
788	2
789	2
790	0
791	2
792	0
793	1
794	1
795	1
796	2
797	1
798	1
799	2
800	1
801	0
802	1
803	2
804	0
805	2
806	1
807	1
808	0
809	0
810	1
811	0
812	1
813	2
814	0
815	2
816	1
817	1
818	1
819	1
820	0
821	1
822	1
823	1
824	1
825	0
826	2
827	1
828	2
829	1
830	2
831	0
832	1
833	1
834	1
835	1
836	1
837	0
838	2
839	0
840	0
841	0
842	0
843	0
844	0
845	1
846	2
847	1
848	1
849	2
850	0
851	2
852	0
853	1
854	0
855	0
856	0
857	0
858	1
859	0
860	0
861	0
862	0
863	0
864	2
865	0
866	0
867	0
868	0
869	0
870	1
871	0
872	0
873	0
874	1
875	2
876	2
877	0
878	1
879	0
880	2
881	0
882	1
883	0
884	0
885	0
886	2
887	0
888	0
889	1
890	1
891	1
892	2
893	0
894	0
895	1
896	1
897	0
898	1
899	2
900	0
901	0
902	0
903	0
904	1
905	2
906	0
907	0
908	1
909	0
910	0
911	0
912	2
913	1
914	1
915	0
916	2
917	1
918	1
919	0
920	1
921	1
922	0
923	0
924	1
925	2
926	2
927	0
928	0
929	0
930	0
931	2
932	2
933	0
934	0
935	0
936	1
937	2
938	1
939	1
940	1
941	1
942	0
943	0
944	0
945	0
946	0
947	0
948	0
949	2
950	1
951	2
952	2
953	2
954	2
955	0
956	2
957	2
958	2
959	1
960	2
961	2
962	1
963	2
964	0
965	0
966	2
967	1
968	0
969	2
970	0
971	0
972	1
973	2
974	0
975	0
976	2
977	0
978	0
979	1
980	1
981	1
982	0
983	1
984	0
985	1
986	2
987	0
988	1
989	0
990	1
991	0
992	2
993	1
994	1
995	1
996	1
997	1
998	0
999	1
1000	1
1001	1
1002	2
1003	2
1004	1
1005	0
1006	2
1007	2
1008	0
1009	1
1010	0
1011	0
1012	1
1013	2
1014	2
1015	1
1016	0
1017	1
1018	2
1019	2
1020	1
1021	1
1022	2
1023	0
1024	1
1025	0
1026	2
1027	1
1028	2
1029	0
1030	2
1031	1
1032	2
1033	2
1034	1
1035	1
1036	2
1037	1
1038	2
1039	1
1040	1
1041	2
1042	0
1043	2
1044	1
1045	2
1046	0
1047	1
1048	0
1049	0
1050	2
1051	0
1052	0
1053	0
1054	2
1055	1
1056	0
1057	0
1058	1
1059	1
1060	1
1061	1
1062	0
1063	2
1064	2
1065	1
1066	1
1067	1
1068	2
1069	0
1070	2
1071	1
1072	0
1073	2
1074	0
1075	1
1076	2
1077	2
1078	0
1079	1
1080	0
1081	1
1082	2
1083	0
1084	1
1085	2
1086	0
1087	2
1088	2
1089	1
1090	1
1091	0
1092	1
1093	0
1094	0
1095	0
1096	0
1097	0
1098	2
1099	2
1100	2
1101	2
1102	0
1103	1
1104	1
1105	2
1106	0
1107	0
1108	1
1109	2
1110	0
1111	1
1112	0
1113	1
1114	0
1115	2
1116	2
1117	1
1118	1
1119	2
1120	0
1121	0
1122	0
1123	1
1124	1
1125	2
1126	2
1127	2
1128	2
1129	2
1130	2
1131	0
1132	0
1133	1
1134	1
1135	1
1136	0
1137	2
1138	0
1139	2
1140	2
1141	1
1142	0
1143	0
1144	1
1145	2
1146	1
1147	1
1148	2
1149	1
1150	1
1151	0
1152	1
1153	0
1154	2
1155	2
1156	0
1157	1
1158	1
1159	0
1160	1
1161	2
1162	1
1163	2
1164	0
1165	1
1166	0
1167	0
1168	2
1169	1
1170	1
1171	2
1172	0
1173	0
1174	2
1175	1
1176	0
1177	1
1178	2
1179	0
1180	2
1181	0
1182	0
1183	1
1184	1
1185	1
1186	2
1187	1
1188	0
1189	0
1190	2
1191	0
1192	0
1193	2
1194	2
1195	1
1196	2
1197	2
1198	1
1199	2
1200	1
1201	1
1202	1
1203	0
1204	0
1205	0
1206	0
1207	0
1208	0
1209	0
1210	1
1211	0
1212	0
1213	0
1214	0
1215	1
1216	0
1217	2
1218	1
1219	2
1220	0
1221	0
1222	1
1223	0
1224	0
1225	2
1226	0
1227	0
1228	0
1229	2
1230	0
1231	1
1232	2
1233	0
1234	0
1235	1
1236	0
1237	2
1238	0
1239	0
1240	0
1241	0
1242	0
1243	2
1244	0
1245	0
1246	0
1247	0
1248	0
1249	2
1250	1
1251	0
1252	1
1253	2
1254	2
1255	2
1256	1
1257	0
1258	0
1259	0
1260	0
1261	0
1262	0
1263	1
1264	0
1265	1
1266	0
1267	2
1268	1
1269	1
1270	2
1271	0
1272	1
1273	0
1274	1
1275	0
1276	0
1277	2
1278	1
1279	0
1280	2
1281	0
1282	0
1283	2
1284	0
1285	1
1286	0
1287	0
1288	0
1289	0
1290	0
1291	0
1292	0
1293	1
1294	2
1295	1
1296	1
1297	0
1298	0
1299	1
1300	1
1301	1
1302	1
1303	2
1304	1
1305	1
1306	0
1307	1
1308	0
1309	0
1310	0
1311	2
1312	2
1313	0
1314	2
1315	1
1316	0
1317	0
1318	0
1319	0
1320	0
1321	2
1322	2
1323	2
1324	0
1325	1
1326	1
1327	0
1328	0
1329	1
1330	2
1331	0
1332	0
1333	2
1334	2
1335	1
1336	0
1337	2
1338	1
1339	2
1340	2
1341	0
1342	0
1343	0
1344	1
1345	1
1346	2
1347	0
1348	0
1349	2
1350	1
1351	0
1352	0
1353	0
1354	1
1355	0
1356	2
1357	2
1358	0
1359	2
1360	0
1361	2
1362	2
1363	0
1364	0
1365	0
1366	2
1367	2
1368	0
1369	2
1370	2
1371	0
1372	0
1373	2
1374	2
1375	0
1376	2
1377	1
1378	0
1379	0
1380	2
1381	1
1382	0
1383	1
1384	2
1385	2
1386	0
1387	0
1388	0
1389	0
1390	2
1391	0
1392	2
1393	1
1394	0
1395	2
1396	2
1397	0
1398	2
1399	1
1400	0
1401	2
1402	1
1403	0
1404	1
1405	2
1406	0
1407	0
1408	0
1409	2
1410	0
1411	0
1412	0
1413	2
1414	0
1415	1
1416	2
1417	2
1418	0
1419	2
1420	0
1421	0
1422	0
1423	1
1424	0
1425	2
1426	1
1427	0
1428	1
1429	0
1430	2
1431	0
1432	1
1433	0
1434	2
1435	0
1436	0
1437	0
1438	2
1439	2
1440	2
1441	0
1442	1
1443	0
1444	2
1445	2
1446	1
1447	2
1448	2
1449	2
1450	0
1451	2
1452	2
1453	1
1454	0
1455	0
1456	1
1457	0
1458	0
1459	1
1460	0
1461	1
1462	0
1463	0
1464	0
1465	2
1466	0
1467	1
1468	1
1469	0
1470	0
1471	0
1472	0
1473	2
1474	1
1475	1
1476	1
1477	1
1478	0
1479	0
1480	1
1481	1
1482	0
1483	0
1484	1
1485	0
1486	0
1487	1
1488	0
1489	0
1490	1
1491	2
1492	0
1493	0
1494	0
1495	0
1496	2
1497	0
1498	1
1499	1
1500	1
1501	1
1502	1
1503	0
1504	0
1505	1
1506	2
1507	0
1508	2
1509	0
1510	0
1511	1
1512	1
1513	0
1514	1
1515	1
1516	2
1517	1
1518	2
1519	0
1520	1
1521	1
1522	1
1523	1
1524	0
1525	1
1526	1
1527	0
1528	1
1529	1
1530	1
1531	1
1532	1
1533	0
1534	0
1535	2
1536	0
1537	2
1538	1
1539	2
1540	2
1541	0
1542	1
1543	0
1544	1
1545	2
1546	2
1547	0
1548	1
1549	2
1550	2
1551	0
1552	0
1553	0
1554	2
1555	1
1556	1
1557	1
1558	0
1559	1
1560	1
1561	0
1562	2
1563	1
1564	1
1565	0
1566	2
1567	2
1568	0
1569	1
1570	2
1571	2
1572	1
1573	2
1574	1
1575	2
1576	2
1577	0
1578	0
1579	1
1580	1
1581	0
1582	2
1583	1
1584	2
1585	0
1586	0
1587	0
1588	0
1589	1
1590	2
1591	1
1592	2
1593	2
1594	0
1595	0
1596	2
1597	0
1598	0
1599	2
1600	2
1601	0
1602	1
1603	2
1604	0
1605	0
1606	0
1607	2
1608	1
1609	2
1610	0
1611	0
1612	2
1613	2
1614	2
1615	2
1616	1
1617	1
1618	0
1619	0
1620	2
1621	1
1622	0
1623	2
1624	1
1625	1
1626	1
1627	0
1628	1
1629	2
1630	0
1631	1
1632	0
1633	1
1634	1
1635	0
1636	1
1637	2
1638	1
1639	2
1640	0
1641	2
1642	2
1643	1
1644	0
1645	1
1646	0
1647	0
1648	1
1649	0
1650	0
1651	0
1652	0
1653	2
1654	1
1655	1
1656	0
1657	2
1658	0
1659	1
1660	1
1661	0
1662	2
1663	2
1664	2
1665	0
1666	0
1667	0
1668	2
1669	0
1670	2
1671	1
1672	0
1673	0
1674	2
1675	0
1676	0
1677	1
1678	0
1679	2
1680	2
1681	1
1682	1
1683	0
1684	2
1685	0
1686	0
1687	0
1688	0
1689	1
1690	2
1691	0
1692	0
1693	1
1694	1
1695	2
1696	1
1697	2
1698	2
1699	1
1700	2
1701	1
1702	2
1703	0
1704	2
1705	0
1706	2
1707	0
1708	0
1709	0
1710	0
1711	2
1712	0
1713	0
1714	0
1715	0
1716	1
1717	1
1718	1
1719	0
1720	0
1721	0
1722	2
1723	0
1724	0
1725	2
1726	2
1727	1
1728	0
1729	2
1730	0
1731	0
1732	1
1733	0
1734	0
1735	0
1736	0
1737	2
1738	0
1739	2
1740	2
1741	1
1742	0
1743	0
1744	2
1745	0
1746	1
1747	1
1748	2
1749	1
1750	2
1751	0
1752	0
1753	0
1754	0
1755	0
1756	0
1757	0
1758	2
1759	1
1760	1
1761	2
1762	2
1763	0
1764	0
1765	2
1766	2
1767	1
1768	1
1769	0
1770	2
1771	0
1772	0
1773	2
1774	2
1775	0
1776	1
1777	0
1778	2
1779	1
1780	0
1781	0
1782	2
1783	0
1784	0
1785	1
1786	0
1787	2
1788	2
1789	1
1790	0
1791	1
1792	0
1793	1
1794	0
1795	0
1796	1
1797	2
1798	0
1799	1
1800	1
1801	0
1802	1
1803	2
1804	2
1805	2
1806	2
1807	1
1808	2
1809	2
1810	2
1811	0
1812	2
1813	0
1814	0
1815	1
1816	0
1817	2
1818	0
1819	1
1820	1
1821	1
1822	1
1823	0
1824	2
1825	0
1826	1
1827	0
1828	0
1829	2
1830	0
1831	0
1832	2
1833	2
1834	1
1835	0
1836	0
1837	2
1838	2
1839	1
1840	2
1841	0
1842	0
1843	0
1844	1
1845	1
1846	2
1847	1
1848	2
1849	2
1850	0
1851	2
1852	0
1853	0
1854	0
1855	0
1856	0
1857	0
1858	2
1859	1
1860	0
1861	2
1862	2
1863	0
1864	2
1865	1
1866	2
1867	0
1868	0
1869	2
1870	0
1871	0
1872	0
1873	2
1874	1
1875	1
1876	0
1877	0
1878	0
1879	1
1880	1
1881	0
1882	2
1883	0
1884	1
1885	1
1886	0
1887	1
1888	1
1889	0
1890	2
1891	0
1892	1
1893	0
1894	1
1895	0
1896	1
1897	0
1898	2
1899	2
1900	0
1901	2
1902	0
1903	1
1904	2
1905	0
1906	2
1907	2
1908	2
1909	2
1910	2
1911	1
1912	2
1913	1
1914	0
1915	1
1916	2
1917	1
1918	0
1919	2
1920	0
1921	0
1922	1
1923	0
1924	2
1925	0
1926	0
1927	1
1928	0
1929	2
1930	1
1931	1
1932	1
1933	2
1934	2
1935	0
1936	2
1937	0
1938	0
1939	0
1940	0
1941	1
1942	1
1943	1
1944	1
1945	0
1946	0
1947	2
1948	0
1949	0
1950	1
1951	0
1952	0
1953	0
1954	2
1955	1
1956	2
1957	0
1958	2
1959	1
1960	2
1961	1
1962	1
1963	0
1964	0
1965	1
1966	2
1967	0
1968	0
1969	0
1970	1
1971	1
1972	0
1973	2
1974	0
1975	2
1976	0
1977	0
1978	0
1979	2
1980	0
1981	0
1982	0
1983	1
1984	1
1985	1
1986	0
1987	0
1988	2
1989	2
1990	0
1991	2
1992	0
1993	0
1994	1
1995	1
1996	0
1997	0
1998	2
1999	1
