index	prediction
0	1
1	2
2	2
3	1
4	1
5	0
6	1
7	2
8	2
9	0
10	2
11	0
12	0
13	0
14	0
15	0
16	2
17	1
18	1
19	2
20	1
21	0
22	0
23	1
24	0
25	2
26	2
27	1
28	0
29	0
30	1
31	2
32	1
33	1
34	1
35	2
36	0
37	2
38	2
39	0
40	1
41	2
42	2
43	0
44	2
45	2
46	2
47	2
48	2
49	2
50	1
51	1
52	1
53	0
54	1
55	2
56	0
57	1
58	2
59	1
60	0
61	0
62	2
63	2
64	1
65	1
66	0
67	0
68	0
69	0
70	0
71	1
72	2
73	2
74	0
75	2
76	1
77	0
78	0
79	0
80	2
81	1
82	2
83	0
84	2
85	2
86	0
87	0
88	2
89	0
90	2
91	1
92	1
93	0
94	2
95	1
96	1
97	2
98	0
99	1
100	0
101	2
102	1
103	0
104	1
105	2
106	1
107	0
108	1
109	2
110	0
111	2
112	1
113	0
114	2
115	1
116	2
117	2
118	1
119	2
120	2
121	2
122	1
123	1
124	1
125	0
126	0
127	1
128	1
129	2
130	1
131	1
132	0
133	2
134	2
135	0
136	0
137	0
138	0
139	2
140	2
141	0
142	1
143	2
144	2
145	2
146	0
147	0
148	2
149	0
150	2
151	0
152	2
153	1
154	1
155	1
156	1
157	0
158	1
159	1
160	2
161	2
162	2
163	0
164	1
165	0
166	0
167	0
168	0
169	2
170	0
171	1
172	0
173	1
174	1
175	0
176	1
177	2
178	2
179	1
180	2
181	0
182	0
183	0
184	1
185	1
186	2
187	1
188	0
189	2
190	2
191	2
192	1
193	0
194	1
195	1
196	1
197	0
198	2
199	1
200	1
201	1
202	2
203	0
204	2
205	0
206	1
207	2
208	0
209	2
210	0
211	2
212	1
213	2
214	2
215	1
216	1
217	2
218	0
219	0
220	2
221	1
222	0
223	1
224	0
225	2
226	0
227	1
228	0
229	2
230	1
231	1
232	2
233	1
234	1
235	1
236	1
237	1
238	0
239	0
240	0
241	1
242	1
243	1
244	2
245	1
246	2
247	0
248	1
249	1
250	0
251	2
252	0
253	1
254	0
255	0
256	1
257	0
258	2
259	0
260	0
261	1
262	2
263	0
264	2
265	0
266	1
267	1
268	1
269	1
270	1
271	2
272	1
273	2
274	0
275	0
276	0
277	0
278	2
279	0
280	0
281	0
282	2
283	1
284	0
285	1
286	0
287	0
288	1
289	2
290	1
291	1
292	1
293	2
294	1
295	2
296	1
297	2
298	2
299	2
300	1
301	1
302	0
303	1
304	1
305	2
306	1
307	1
308	0
309	0
310	2
311	2
312	2
313	0
314	0
315	1
316	0
317	0
318	2
319	0
320	2
321	1
322	0
323	2
324	0
325	0
326	0
327	2
328	2
329	0
330	1
331	2
332	0
333	0
334	2
335	0
336	0
337	2
338	2
339	1
340	1
341	0
342	0
343	1
344	0
345	1
346	0
347	0
348	0
349	1
350	1
351	0
352	2
353	0
354	0
355	1
356	1
357	0
358	2
359	0
360	2
361	2
362	2
363	0
364	2
365	2
366	0
367	1
368	2
369	1
370	0
371	0
372	2
373	1
374	1
375	1
376	2
377	0
378	2
379	1
380	1
381	0
382	2
383	0
384	1
385	0
386	2
387	0
388	2
389	0
390	0
391	0
392	1
393	0
394	1
395	2
396	1
397	2
398	1
399	1
400	0
401	2
402	2
403	2
404	0
405	2
406	0
407	0
408	0
409	1
410	0
411	0
412	0
413	2
414	0
415	1
416	1
417	2
418	0
419	2
420	0
421	1
422	1
423	1
424	2
425	0
426	0
427	1
428	0
429	2
430	1
431	0
432	2
433	0
434	1
435	0
436	0
437	2
438	2
439	2
440	1
441	1
442	1
443	2
444	1
445	2
446	1
447	0
448	1
449	0
450	0
451	1
452	1
453	0
454	0
455	1
456	0
457	0
458	2
459	2
460	0
461	0
462	2
463	1
464	0
465	2
466	0
467	2
468	1
469	2
470	2
471	0
472	1
473	1
474	2
475	1
476	0
477	0
478	2
479	2
480	1
481	0
482	1
483	0
484	1
485	0
486	0
487	2
488	1
489	2
490	0
491	2
492	0
493	2
494	1
495	0
496	2
497	2
498	0
499	1
500	0
501	1
502	1
503	0
504	2
505	0
506	1
507	2
508	0
509	2
510	0
511	1
512	0
513	1
514	1
515	1
516	1
517	2
518	0
519	1
520	2
521	0
522	1
523	0
524	0
525	2
526	0
527	1
528	0
529	1
530	2
531	0
532	2
533	2
534	0
535	2
536	0
537	2
538	0
539	0
540	2
541	2
542	1
543	1
544	0
545	0
546	0
547	0
548	0
549	2
550	2
551	1
552	2
553	1
554	1
555	0
556	1
557	0
558	0
559	0
560	2
561	1
562	1
563	1
564	1
565	0
566	1
567	2
568	2
569	0
570	2
571	2
572	1
573	2
574	0
575	0
576	1
577	2
578	2
579	0
580	0
581	2
582	1
583	1
584	0
585	2
586	1
587	2
588	1
589	2
590	0
591	2
592	0
593	0
594	0
595	2
596	0
597	0
598	1
599	1
600	0
601	1
602	2
603	1
604	0
605	0
606	1
607	2
608	0
609	1
610	1
611	0
612	2
613	0
614	0
615	2
616	1
617	1
618	1
619	0
620	2
621	1
622	2
623	2
624	0
625	2
626	0
627	0
628	2
629	2
630	2
631	2
632	2
633	1
634	1
635	0
636	2
637	0
638	1
639	0
640	1
641	0
642	0
643	2
644	2
645	1
646	2
647	0
648	1
649	2
650	2
651	0
652	1
653	0
654	1
655	1
656	2
657	2
658	1
659	1
660	0
661	1
662	0
663	1
664	0
665	2
666	2
667	1
668	2
669	2
670	1
671	0
672	2
673	0
674	0
675	0
676	2
677	1
678	2
679	0
680	1
681	0
682	0
683	2
684	1
685	2
686	0
687	0
688	2
689	0
690	0
691	0
692	0
693	2
694	0
695	1
696	1
697	2
698	2
699	2
700	0
701	1
702	2
703	1
704	1
705	2
706	0
707	0
708	2
709	0
710	2
711	0
712	2
713	2
714	2
715	2
716	0
717	0
718	2
719	2
720	1
721	1
722	1
723	1
724	1
725	2
726	2
727	2
728	1
729	1
730	0
731	0
732	0
733	1
734	1
735	0
736	1
737	1
738	2
739	2
740	2
741	2
742	1
743	1
744	2
745	1
746	0
747	2
748	0
749	2
750	0
751	2
752	0
753	0
754	0
755	1
756	0
757	0
758	1
759	0
760	2
761	2
762	0
763	0
764	2
765	1
766	1
767	1
768	1
769	1
770	2
771	0
772	0
773	2
774	2
775	0
776	0
777	0
778	0
779	0
780	2
781	0
782	2
783	0
784	0
785	1
786	0
787	0
788	2
789	2
790	1
791	1
792	2
793	1
794	1
795	2
796	2
797	1
798	1
799	2
800	1
801	2
802	1
803	1
804	0
805	0
806	0
807	1
808	1
809	2
810	0
811	1
812	1
813	2
814	0
815	1
816	1
817	1
818	1
819	1
820	0
821	2
822	1
823	1
824	1
825	0
826	1
827	1
828	2
829	1
830	2
831	1
832	1
833	1
834	1
835	1
836	0
837	0
838	1
839	2
840	0
841	2
842	0
843	1
844	0
845	1
846	2
847	1
848	0
849	2
850	0
851	2
852	0
853	0
854	0
855	2
856	0
857	0
858	2
859	1
860	2
861	2
862	2
863	0
864	0
865	0
866	0
867	0
868	0
869	0
870	1
871	0
872	1
873	0
874	1
875	0
876	2
877	0
878	0
879	0
880	2
881	0
882	0
883	0
884	0
885	0
886	0
887	2
888	0
889	1
890	1
891	1
892	2
893	1
894	1
895	2
896	1
897	0
898	2
899	0
900	0
901	1
902	0
903	0
904	0
905	2
906	2
907	0
908	1
909	0
910	1
911	0
912	0
913	2
914	1
915	0
916	2
917	2
918	1
919	0
920	1
921	1
922	0
923	1
924	1
925	0
926	2
927	0
928	2
929	0
930	0
931	2
932	0
933	0
934	0
935	2
936	1
937	0
938	2
939	1
940	1
941	1
942	2
943	1
944	1
945	1
946	0
947	0
948	0
949	2
950	1
951	1
952	2
953	2
954	2
955	0
956	2
957	2
958	2
959	2
960	2
961	2
962	1
963	2
964	0
965	2
966	2
967	2
968	0
969	1
970	2
971	0
972	1
973	2
974	0
975	0
976	2
977	1
978	0
979	1
980	1
981	1
982	0
983	1
984	0
985	0
986	2
987	0
988	1
989	0
990	2
991	0
992	1
993	1
994	1
995	1
996	2
997	1
998	0
999	1
1000	2
1001	1
1002	2
1003	2
1004	1
1005	0
1006	2
1007	0
1008	2
1009	1
1010	0
1011	0
1012	1
1013	1
1014	2
1015	1
1016	2
1017	2
1018	1
1019	1
1020	1
1021	1
1022	2
1023	0
1024	2
1025	1
1026	2
1027	1
1028	0
1029	0
1030	1
1031	2
1032	2
1033	2
1034	0
1035	1
1036	2
1037	2
1038	2
1039	1
1040	0
1041	2
1042	0
1043	2
1044	1
1045	2
1046	1
1047	2
1048	0
1049	0
1050	2
1051	0
1052	0
1053	0
1054	1
1055	0
1056	2
1057	0
1058	1
1059	0
1060	1
1061	1
1062	0
1063	2
1064	1
1065	1
1066	1
1067	2
1068	2
1069	1
1070	2
1071	1
1072	0
1073	2
1074	0
1075	1
1076	1
1077	1
1078	1
1079	1
1080	0
1081	0
1082	2
1083	1
1084	1
1085	0
1086	2
1087	2
1088	2
1089	2
1090	1
1091	0
1092	1
1093	0
1094	0
1095	0
1096	1
1097	0
1098	2
1099	2
1100	2
1101	2
1102	0
1103	1
1104	1
1105	1
1106	0
1107	0
1108	1
1109	2
1110	0
1111	2
1112	2
1113	0
1114	1
1115	2
1116	2
1117	0
1118	1
1119	2
1120	1
1121	0
1122	1
1123	1
1124	1
1125	2
1126	2
1127	2
1128	0
1129	2
1130	0
1131	0
1132	0
1133	1
1134	1
1135	1
1136	1
1137	2
1138	0
1139	2
1140	2
1141	0
1142	0
1143	1
1144	1
1145	2
1146	1
1147	2
1148	1
1149	0
1150	1
1151	0
1152	0
1153	1
1154	2
1155	2
1156	1
1157	1
1158	2
1159	0
1160	1
1161	2
1162	1
1163	1
1164	0
1165	1
1166	0
1167	1
1168	0
1169	0
1170	1
1171	2
1172	0
1173	0
1174	2
1175	2
1176	0
1177	0
1178	2
1179	0
1180	2
1181	0
1182	0
1183	0
1184	1
1185	1
1186	2
1187	2
1188	2
1189	0
1190	2
1191	0
1192	0
1193	2
1194	2
1195	0
1196	2
1197	2
1198	2
1199	1
1200	0
1201	2
1202	2
1203	2
1204	0
1205	0
1206	1
1207	0
1208	2
1209	1
1210	1
1211	1
1212	0
1213	1
1214	0
1215	1
1216	1
1217	2
1218	0
1219	0
1220	1
1221	0
1222	1
1223	1
1224	2
1225	2
1226	0
1227	1
1228	1
1229	0
1230	0
1231	1
1232	1
1233	2
1234	0
1235	2
1236	2
1237	2
1238	1
1239	0
1240	0
1241	0
1242	2
1243	2
1244	0
1245	0
1246	0
1247	0
1248	0
1249	2
1250	1
1251	1
1252	2
1253	2
1254	2
1255	2
1256	1
1257	1
1258	1
1259	1
1260	0
1261	1
1262	0
1263	0
1264	1
1265	2
1266	0
1267	2
1268	0
1269	1
1270	2
1271	0
1272	1
1273	0
1274	1
1275	0
1276	0
1277	2
1278	2
1279	2
1280	2
1281	0
1282	0
1283	0
1284	0
1285	1
1286	0
1287	0
1288	0
1289	2
1290	1
1291	0
1292	0
1293	1
1294	2
1295	1
1296	1
1297	1
1298	1
1299	1
1300	2
1301	2
1302	1
1303	2
1304	2
1305	1
1306	0
1307	0
1308	0
1309	0
1310	2
1311	2
1312	2
1313	0
1314	2
1315	1
1316	1
1317	1
1318	0
1319	0
1320	2
1321	2
1322	1
1323	1
1324	0
1325	1
1326	0
1327	2
1328	1
1329	1
1330	2
1331	0
1332	0
1333	2
1334	1
1335	1
1336	0
1337	2
1338	1
1339	1
1340	2
1341	1
1342	1
1343	1
1344	0
1345	0
1346	2
1347	0
1348	1
1349	2
1350	1
1351	1
1352	0
1353	0
1354	2
1355	0
1356	0
1357	2
1358	0
1359	2
1360	0
1361	2
1362	0
1363	0
1364	2
1365	0
1366	0
1367	2
1368	0
1369	2
1370	1
1371	2
1372	0
1373	1
1374	1
1375	0
1376	2
1377	1
1378	0
1379	0
1380	1
1381	1
1382	0
1383	1
1384	2
1385	2
1386	2
1387	0
1388	0
1389	0
1390	2
1391	1
1392	2
1393	1
1394	0
1395	2
1396	2
1397	2
1398	2
1399	1
1400	0
1401	2
1402	1
1403	0
1404	1
1405	1
1406	0
1407	1
1408	0
1409	2
1410	0
1411	1
1412	0
1413	2
1414	1
1415	1
1416	2
1417	2
1418	0
1419	2
1420	0
1421	1
1422	0
1423	1
1424	2
1425	2
1426	0
1427	0
1428	2
1429	0
1430	0
1431	2
1432	1
1433	0
1434	2
1435	0
1436	0
1437	0
1438	2
1439	2
1440	2
1441	2
1442	2
1443	1
1444	2
1445	2
1446	0
1447	2
1448	2
1449	1
1450	0
1451	2
1452	2
1453	0
1454	0
1455	0
1456	1
1457	2
1458	2
1459	1
1460	0
1461	2
1462	0
1463	2
1464	0
1465	0
1466	0
1467	1
1468	0
1469	2
1470	0
1471	0
1472	0
1473	2
1474	1
1475	1
1476	1
1477	1
1478	0
1479	0
1480	1
1481	1
1482	0
1483	0
1484	1
1485	1
1486	0
1487	1
1488	0
1489	0
1490	1
1491	2
1492	0
1493	2
1494	0
1495	0
1496	2
1497	2
1498	0
1499	1
1500	1
1501	1
1502	1
1503	0
1504	0
1505	1
1506	0
1507	0
1508	2
1509	0
1510	2
1511	1
1512	1
1513	0
1514	0
1515	1
1516	1
1517	1
1518	2
1519	0
1520	0
1521	1
1522	1
1523	1
1524	0
1525	1
1526	1
1527	1
1528	1
1529	2
1530	0
1531	1
1532	2
1533	0
1534	0
1535	2
1536	0
1537	1
1538	0
1539	0
1540	2
1541	2
1542	1
1543	0
1544	2
1545	0
1546	1
1547	0
1548	1
1549	2
1550	2
1551	0
1552	1
1553	2
1554	2
1555	1
1556	1
1557	2
1558	0
1559	1
1560	1
1561	1
1562	2
1563	1
1564	1
1565	2
1566	2
1567	2
1568	0
1569	2
1570	1
1571	2
1572	1
1573	2
1574	2
1575	2
1576	2
1577	1
1578	1
1579	1
1580	0
1581	0
1582	0
1583	2
1584	2
1585	0
1586	0
1587	0
1588	0
1589	1
1590	2
1591	1
1592	2
1593	0
1594	0
1595	0
1596	2
1597	0
1598	2
1599	2
1600	2
1601	2
1602	1
1603	2
1604	0
1605	1
1606	2
1607	0
1608	1
1609	1
1610	2
1611	2
1612	2
1613	2
1614	2
1615	1
1616	2
1617	1
1618	0
1619	0
1620	2
1621	0
1622	0
1623	2
1624	1
1625	2
1626	0
1627	1
1628	0
1629	2
1630	2
1631	0
1632	0
1633	1
1634	1
1635	0
1636	2
1637	2
1638	0
1639	2
1640	1
1641	1
1642	2
1643	1
1644	0
1645	2
1646	1
1647	0
1648	2
1649	2
1650	0
1651	1
1652	0
1653	2
1654	1
1655	1
1656	1
1657	2
1658	0
1659	1
1660	0
1661	0
1662	0
1663	2
1664	0
1665	0
1666	0
1667	1
1668	2
1669	0
1670	2
1671	1
1672	2
1673	0
1674	2
1675	0
1676	0
1677	1
1678	0
1679	2
1680	1
1681	1
1682	1
1683	0
1684	1
1685	1
1686	0
1687	0
1688	0
1689	1
1690	2
1691	0
1692	1
1693	2
1694	1
1695	2
1696	1
1697	2
1698	0
1699	2
1700	2
1701	1
1702	2
1703	0
1704	2
1705	0
1706	0
1707	0
1708	1
1709	0
1710	1
1711	1
1712	1
1713	2
1714	0
1715	2
1716	1
1717	2
1718	1
1719	0
1720	0
1721	0
1722	1
1723	0
1724	0
1725	2
1726	2
1727	1
1728	0
1729	2
1730	0
1731	0
1732	2
1733	0
1734	0
1735	1
1736	0
1737	2
1738	0
1739	2
1740	2
1741	0
1742	2
1743	2
1744	2
1745	0
1746	1
1747	1
1748	2
1749	2
1750	0
1751	2
1752	2
1753	0
1754	0
1755	0
1756	0
1757	0
1758	2
1759	0
1760	0
1761	2
1762	2
1763	1
1764	0
1765	2
1766	0
1767	2
1768	1
1769	1
1770	2
1771	2
1772	0
1773	0
1774	2
1775	0
1776	1
1777	1
1778	2
1779	2
1780	1
1781	2
1782	2
1783	2
1784	0
1785	2
1786	0
1787	2
1788	2
1789	1
1790	1
1791	1
1792	0
1793	2
1794	1
1795	0
1796	0
1797	2
1798	1
1799	1
1800	0
1801	0
1802	1
1803	2
1804	2
1805	2
1806	0
1807	1
1808	1
1809	2
1810	2
1811	0
1812	2
1813	2
1814	2
1815	0
1816	0
1817	2
1818	0
1819	1
1820	0
1821	1
1822	1
1823	0
1824	1
1825	0
1826	2
1827	2
1828	0
1829	2
1830	0
1831	1
1832	2
1833	1
1834	2
1835	0
1836	2
1837	2
1838	0
1839	0
1840	2
1841	0
1842	0
1843	0
1844	1
1845	1
1846	2
1847	2
1848	1
1849	2
1850	0
1851	0
1852	0
1853	0
1854	2
1855	1
1856	0
1857	0
1858	2
1859	1
1860	1
1861	2
1862	2
1863	2
1864	2
1865	1
1866	2
1867	2
1868	0
1869	2
1870	2
1871	0
1872	1
1873	2
1874	0
1875	2
1876	2
1877	2
1878	0
1879	1
1880	0
1881	2
1882	0
1883	0
1884	1
1885	2
1886	0
1887	1
1888	1
1889	0
1890	2
1891	0
1892	2
1893	1
1894	1
1895	1
1896	1
1897	1
1898	1
1899	0
1900	0
1901	1
1902	0
1903	1
1904	2
1905	2
1906	1
1907	2
1908	1
1909	2
1910	2
1911	1
1912	2
1913	0
1914	0
1915	2
1916	0
1917	1
1918	0
1919	1
1920	1
1921	0
1922	1
1923	0
1924	2
1925	0
1926	2
1927	1
1928	0
1929	2
1930	1
1931	1
1932	0
1933	2
1934	2
1935	1
1936	2
1937	2
1938	2
1939	0
1940	0
1941	2
1942	0
1943	1
1944	0
1945	1
1946	2
1947	2
1948	0
1949	0
1950	0
1951	2
1952	0
1953	0
1954	1
1955	1
1956	2
1957	1
1958	2
1959	1
1960	2
1961	0
1962	0
1963	0
1964	2
1965	1
1966	0
1967	1
1968	0
1969	0
1970	1
1971	1
1972	2
1973	2
1974	0
1975	2
1976	0
1977	0
1978	0
1979	2
1980	0
1981	0
1982	1
1983	2
1984	0
1985	1
1986	0
1987	1
1988	2
1989	2
1990	0
1991	2
1992	1
1993	0
1994	0
1995	1
1996	0
1997	0
1998	2
1999	1
