index	prediction
0	2
1	0
2	2
3	0
4	1
5	1
6	0
7	1
8	2
9	0
10	0
11	1
12	0
13	2
14	0
15	0
16	0
17	1
18	1
19	0
20	1
21	0
22	0
23	2
24	1
25	2
26	2
27	2
28	0
29	0
30	1
31	2
32	0
33	2
34	1
35	0
36	0
37	2
38	2
39	0
40	0
41	2
42	2
43	0
44	2
45	2
46	0
47	2
48	2
49	1
50	1
51	1
52	0
53	0
54	0
55	2
56	1
57	1
58	2
59	1
60	0
61	0
62	1
63	2
64	1
65	0
66	0
67	1
68	0
69	0
70	0
71	2
72	2
73	0
74	2
75	2
76	1
77	0
78	0
79	0
80	2
81	1
82	2
83	0
84	1
85	2
86	1
87	0
88	2
89	0
90	1
91	1
92	0
93	2
94	1
95	1
96	1
97	2
98	0
99	1
100	1
101	1
102	1
103	0
104	0
105	2
106	0
107	0
108	2
109	2
110	2
111	2
112	1
113	2
114	2
115	0
116	2
117	2
118	1
119	2
120	0
121	2
122	2
123	0
124	1
125	0
126	1
127	1
128	0
129	2
130	1
131	1
132	1
133	2
134	2
135	0
136	0
137	2
138	1
139	2
140	2
141	0
142	0
143	2
144	2
145	1
146	0
147	0
148	2
149	0
150	2
151	0
152	2
153	1
154	2
155	1
156	1
157	0
158	1
159	0
160	0
161	2
162	2
163	0
164	1
165	2
166	0
167	0
168	0
169	2
170	0
171	1
172	2
173	1
174	0
175	0
176	2
177	2
178	2
179	2
180	2
181	0
182	0
183	1
184	1
185	1
186	2
187	1
188	0
189	1
190	2
191	2
192	2
193	0
194	2
195	1
196	0
197	2
198	2
199	0
200	2
201	0
202	2
203	0
204	2
205	0
206	0
207	2
208	2
209	1
210	0
211	2
212	1
213	2
214	2
215	1
216	1
217	2
218	2
219	0
220	2
221	2
222	0
223	1
224	0
225	0
226	0
227	1
228	2
229	1
230	1
231	1
232	1
233	1
234	2
235	2
236	1
237	1
238	0
239	0
240	0
241	1
242	1
243	1
244	2
245	1
246	2
247	0
248	1
249	1
250	0
251	1
252	0
253	1
254	1
255	1
256	0
257	0
258	0
259	0
260	2
261	1
262	0
263	0
264	2
265	2
266	1
267	0
268	2
269	1
270	2
271	2
272	2
273	1
274	0
275	0
276	1
277	0
278	0
279	0
280	0
281	0
282	0
283	1
284	0
285	1
286	1
287	0
288	1
289	1
290	1
291	1
292	2
293	0
294	1
295	2
296	0
297	2
298	0
299	2
300	1
301	0
302	1
303	1
304	0
305	2
306	1
307	2
308	1
309	0
310	2
311	0
312	2
313	0
314	1
315	0
316	1
317	0
318	2
319	2
320	2
321	1
322	0
323	2
324	0
325	1
326	2
327	2
328	2
329	0
330	2
331	0
332	2
333	0
334	2
335	0
336	0
337	2
338	2
339	1
340	0
341	2
342	2
343	1
344	0
345	0
346	0
347	1
348	0
349	1
350	2
351	0
352	1
353	0
354	0
355	1
356	2
357	1
358	2
359	2
360	0
361	2
362	2
363	0
364	0
365	2
366	0
367	1
368	0
369	0
370	0
371	0
372	2
373	2
374	1
375	2
376	2
377	1
378	2
379	0
380	1
381	2
382	2
383	2
384	0
385	0
386	0
387	0
388	0
389	2
390	1
391	0
392	1
393	0
394	1
395	2
396	2
397	2
398	1
399	0
400	0
401	2
402	2
403	2
404	0
405	0
406	1
407	0
408	1
409	1
410	0
411	0
412	2
413	0
414	0
415	1
416	2
417	1
418	0
419	1
420	2
421	2
422	1
423	1
424	2
425	1
426	1
427	0
428	0
429	0
430	0
431	0
432	2
433	0
434	1
435	0
436	1
437	2
438	2
439	1
440	0
441	1
442	1
443	2
444	1
445	2
446	0
447	0
448	1
449	0
450	0
451	2
452	2
453	1
454	0
455	0
456	0
457	2
458	1
459	0
460	0
461	0
462	1
463	1
464	1
465	1
466	0
467	2
468	1
469	2
470	0
471	1
472	1
473	1
474	2
475	0
476	0
477	2
478	2
479	2
480	0
481	0
482	1
483	0
484	1
485	0
486	0
487	2
488	2
489	2
490	1
491	2
492	0
493	2
494	2
495	0
496	2
497	2
498	0
499	0
500	2
501	1
502	2
503	0
504	0
505	0
506	0
507	2
508	0
509	2
510	0
511	0
512	0
513	1
514	1
515	2
516	2
517	2
518	0
519	0
520	2
521	0
522	2
523	1
524	1
525	0
526	0
527	1
528	2
529	1
530	2
531	0
532	2
533	2
534	0
535	2
536	0
537	2
538	0
539	0
540	0
541	2
542	1
543	1
544	0
545	0
546	2
547	0
548	2
549	0
550	0
551	1
552	0
553	1
554	1
555	2
556	1
557	0
558	0
559	1
560	2
561	1
562	1
563	1
564	1
565	0
566	0
567	2
568	2
569	0
570	1
571	0
572	2
573	2
574	2
575	0
576	1
577	2
578	1
579	2
580	2
581	0
582	0
583	1
584	0
585	2
586	1
587	2
588	1
589	2
590	0
591	2
592	0
593	0
594	0
595	1
596	0
597	1
598	0
599	1
600	0
601	2
602	2
603	2
604	0
605	0
606	1
607	2
608	0
609	1
610	1
611	1
612	2
613	2
614	0
615	2
616	1
617	0
618	1
619	1
620	2
621	1
622	0
623	2
624	0
625	2
626	0
627	0
628	0
629	2
630	2
631	2
632	0
633	0
634	0
635	2
636	2
637	0
638	2
639	2
640	0
641	0
642	2
643	2
644	2
645	0
646	2
647	0
648	1
649	1
650	0
651	2
652	1
653	1
654	0
655	2
656	2
657	1
658	1
659	0
660	2
661	1
662	0
663	0
664	0
665	0
666	2
667	1
668	0
669	1
670	2
671	0
672	2
673	0
674	2
675	0
676	2
677	2
678	1
679	0
680	1
681	1
682	0
683	2
684	1
685	2
686	2
687	0
688	1
689	0
690	0
691	0
692	0
693	2
694	0
695	1
696	0
697	0
698	1
699	2
700	2
701	1
702	2
703	2
704	2
705	2
706	0
707	2
708	1
709	0
710	2
711	0
712	1
713	2
714	0
715	0
716	1
717	0
718	0
719	0
720	0
721	1
722	1
723	1
724	1
725	2
726	2
727	2
728	0
729	1
730	0
731	0
732	0
733	1
734	0
735	0
736	0
737	2
738	2
739	2
740	1
741	0
742	1
743	1
744	2
745	0
746	0
747	2
748	0
749	2
750	1
751	2
752	0
753	0
754	0
755	1
756	0
757	1
758	1
759	0
760	2
761	2
762	1
763	2
764	1
765	1
766	1
767	2
768	2
769	0
770	2
771	0
772	0
773	0
774	2
775	1
776	1
777	0
778	1
779	0
780	0
781	2
782	1
783	0
784	1
785	1
786	0
787	0
788	2
789	2
790	2
791	0
792	1
793	2
794	2
795	1
796	2
797	1
798	1
799	0
800	1
801	2
802	1
803	0
804	0
805	0
806	0
807	0
808	1
809	2
810	0
811	1
812	2
813	2
814	0
815	2
816	1
817	1
818	1
819	1
820	0
821	1
822	0
823	0
824	2
825	0
826	2
827	1
828	0
829	1
830	1
831	0
832	1
833	1
834	1
835	1
836	2
837	0
838	2
839	0
840	0
841	0
842	0
843	2
844	0
845	1
846	2
847	1
848	0
849	2
850	1
851	2
852	0
853	1
854	0
855	1
856	1
857	0
858	0
859	0
860	0
861	2
862	0
863	0
864	2
865	1
866	0
867	0
868	0
869	0
870	1
871	0
872	2
873	0
874	1
875	0
876	2
877	0
878	0
879	0
880	2
881	2
882	1
883	0
884	0
885	2
886	0
887	0
888	0
889	0
890	1
891	1
892	1
893	1
894	2
895	2
896	1
897	0
898	2
899	1
900	0
901	0
902	0
903	0
904	0
905	1
906	0
907	0
908	1
909	2
910	1
911	0
912	0
913	0
914	0
915	0
916	2
917	1
918	1
919	0
920	1
921	1
922	0
923	1
924	1
925	1
926	2
927	0
928	2
929	0
930	1
931	2
932	1
933	0
934	0
935	1
936	0
937	1
938	2
939	0
940	1
941	0
942	2
943	0
944	2
945	0
946	0
947	0
948	1
949	2
950	1
951	2
952	2
953	2
954	2
955	0
956	2
957	2
958	2
959	2
960	1
961	2
962	2
963	2
964	0
965	2
966	1
967	1
968	1
969	1
970	0
971	1
972	1
973	2
974	2
975	1
976	1
977	0
978	1
979	1
980	1
981	0
982	0
983	2
984	0
985	1
986	2
987	0
988	1
989	0
990	2
991	0
992	2
993	0
994	1
995	1
996	1
997	1
998	0
999	2
1000	1
1001	1
1002	2
1003	2
1004	0
1005	0
1006	1
1007	0
1008	2
1009	1
1010	0
1011	0
1012	1
1013	2
1014	2
1015	1
1016	1
1017	0
1018	2
1019	1
1020	1
1021	1
1022	0
1023	0
1024	1
1025	1
1026	2
1027	1
1028	2
1029	1
1030	1
1031	1
1032	2
1033	2
1034	0
1035	0
1036	0
1037	2
1038	2
1039	1
1040	0
1041	2
1042	0
1043	0
1044	1
1045	2
1046	1
1047	2
1048	0
1049	0
1050	2
1051	0
1052	0
1053	0
1054	0
1055	1
1056	2
1057	2
1058	1
1059	1
1060	1
1061	1
1062	0
1063	0
1064	1
1065	1
1066	1
1067	2
1068	2
1069	1
1070	0
1071	1
1072	1
1073	1
1074	0
1075	1
1076	0
1077	2
1078	0
1079	1
1080	1
1081	1
1082	2
1083	0
1084	1
1085	1
1086	0
1087	2
1088	2
1089	1
1090	1
1091	0
1092	0
1093	0
1094	1
1095	0
1096	0
1097	0
1098	0
1099	2
1100	2
1101	2
1102	2
1103	1
1104	1
1105	1
1106	0
1107	0
1108	0
1109	2
1110	0
1111	1
1112	0
1113	0
1114	2
1115	0
1116	2
1117	1
1118	1
1119	2
1120	2
1121	0
1122	1
1123	1
1124	2
1125	2
1126	2
1127	2
1128	1
1129	2
1130	2
1131	0
1132	0
1133	1
1134	2
1135	1
1136	1
1137	2
1138	0
1139	2
1140	2
1141	1
1142	0
1143	0
1144	2
1145	2
1146	0
1147	1
1148	1
1149	1
1150	1
1151	0
1152	0
1153	1
1154	2
1155	2
1156	1
1157	1
1158	2
1159	0
1160	1
1161	0
1162	1
1163	1
1164	0
1165	0
1166	0
1167	0
1168	1
1169	0
1170	1
1171	2
1172	0
1173	0
1174	1
1175	1
1176	2
1177	0
1178	2
1179	0
1180	2
1181	0
1182	0
1183	2
1184	2
1185	1
1186	2
1187	2
1188	0
1189	1
1190	2
1191	0
1192	0
1193	2
1194	2
1195	0
1196	2
1197	2
1198	0
1199	2
1200	1
1201	2
1202	0
1203	2
1204	0
1205	2
1206	1
1207	0
1208	1
1209	1
1210	1
1211	1
1212	0
1213	0
1214	0
1215	1
1216	1
1217	2
1218	1
1219	2
1220	0
1221	2
1222	1
1223	0
1224	0
1225	2
1226	2
1227	1
1228	1
1229	2
1230	0
1231	0
1232	2
1233	2
1234	0
1235	1
1236	0
1237	2
1238	0
1239	0
1240	1
1241	0
1242	1
1243	2
1244	0
1245	0
1246	0
1247	2
1248	1
1249	2
1250	1
1251	2
1252	2
1253	0
1254	2
1255	2
1256	1
1257	0
1258	1
1259	1
1260	0
1261	0
1262	0
1263	1
1264	1
1265	0
1266	2
1267	2
1268	1
1269	1
1270	1
1271	0
1272	2
1273	1
1274	1
1275	0
1276	2
1277	2
1278	1
1279	1
1280	0
1281	1
1282	0
1283	2
1284	2
1285	1
1286	0
1287	1
1288	0
1289	0
1290	1
1291	0
1292	0
1293	1
1294	1
1295	1
1296	1
1297	1
1298	0
1299	1
1300	2
1301	2
1302	1
1303	2
1304	1
1305	1
1306	0
1307	0
1308	1
1309	0
1310	0
1311	2
1312	2
1313	0
1314	2
1315	1
1316	0
1317	1
1318	0
1319	1
1320	0
1321	2
1322	1
1323	2
1324	0
1325	1
1326	0
1327	2
1328	0
1329	1
1330	2
1331	0
1332	0
1333	2
1334	0
1335	0
1336	1
1337	0
1338	1
1339	2
1340	2
1341	0
1342	0
1343	1
1344	1
1345	1
1346	2
1347	0
1348	1
1349	2
1350	1
1351	1
1352	0
1353	0
1354	1
1355	0
1356	0
1357	2
1358	0
1359	2
1360	0
1361	2
1362	2
1363	0
1364	0
1365	0
1366	0
1367	0
1368	0
1369	2
1370	1
1371	2
1372	0
1373	1
1374	0
1375	0
1376	2
1377	1
1378	0
1379	0
1380	2
1381	1
1382	0
1383	1
1384	2
1385	1
1386	2
1387	1
1388	0
1389	0
1390	0
1391	1
1392	2
1393	1
1394	0
1395	2
1396	2
1397	1
1398	2
1399	0
1400	0
1401	1
1402	1
1403	0
1404	1
1405	2
1406	0
1407	2
1408	0
1409	2
1410	0
1411	0
1412	0
1413	2
1414	1
1415	2
1416	2
1417	2
1418	0
1419	2
1420	0
1421	0
1422	0
1423	1
1424	0
1425	2
1426	1
1427	2
1428	2
1429	0
1430	0
1431	0
1432	2
1433	1
1434	2
1435	0
1436	0
1437	0
1438	2
1439	2
1440	2
1441	0
1442	2
1443	0
1444	2
1445	2
1446	0
1447	2
1448	2
1449	0
1450	0
1451	2
1452	2
1453	0
1454	0
1455	1
1456	1
1457	0
1458	2
1459	2
1460	0
1461	1
1462	2
1463	2
1464	1
1465	2
1466	0
1467	1
1468	1
1469	2
1470	0
1471	0
1472	2
1473	2
1474	1
1475	1
1476	1
1477	1
1478	0
1479	0
1480	1
1481	2
1482	0
1483	0
1484	1
1485	0
1486	0
1487	2
1488	0
1489	0
1490	1
1491	2
1492	0
1493	0
1494	0
1495	0
1496	1
1497	0
1498	0
1499	1
1500	2
1501	2
1502	1
1503	0
1504	0
1505	1
1506	1
1507	0
1508	2
1509	0
1510	2
1511	1
1512	1
1513	0
1514	0
1515	1
1516	1
1517	1
1518	2
1519	1
1520	2
1521	1
1522	0
1523	0
1524	0
1525	1
1526	1
1527	0
1528	1
1529	0
1530	0
1531	1
1532	2
1533	0
1534	0
1535	2
1536	0
1537	2
1538	0
1539	2
1540	2
1541	2
1542	2
1543	0
1544	1
1545	0
1546	1
1547	0
1548	0
1549	1
1550	2
1551	0
1552	0
1553	2
1554	1
1555	1
1556	1
1557	2
1558	0
1559	1
1560	1
1561	1
1562	0
1563	1
1564	1
1565	2
1566	0
1567	2
1568	0
1569	0
1570	2
1571	2
1572	1
1573	1
1574	2
1575	2
1576	2
1577	0
1578	1
1579	1
1580	1
1581	0
1582	2
1583	2
1584	2
1585	0
1586	0
1587	0
1588	0
1589	1
1590	2
1591	1
1592	2
1593	0
1594	2
1595	0
1596	0
1597	0
1598	1
1599	2
1600	2
1601	2
1602	1
1603	2
1604	2
1605	0
1606	0
1607	0
1608	1
1609	2
1610	2
1611	0
1612	2
1613	2
1614	2
1615	1
1616	1
1617	1
1618	0
1619	0
1620	2
1621	0
1622	2
1623	0
1624	1
1625	1
1626	1
1627	2
1628	0
1629	0
1630	2
1631	1
1632	0
1633	1
1634	0
1635	0
1636	1
1637	2
1638	0
1639	2
1640	1
1641	0
1642	1
1643	1
1644	0
1645	0
1646	0
1647	2
1648	0
1649	2
1650	2
1651	0
1652	0
1653	2
1654	1
1655	1
1656	0
1657	2
1658	0
1659	1
1660	0
1661	0
1662	1
1663	2
1664	2
1665	0
1666	0
1667	2
1668	2
1669	0
1670	2
1671	1
1672	2
1673	0
1674	2
1675	0
1676	2
1677	0
1678	0
1679	2
1680	0
1681	1
1682	0
1683	2
1684	0
1685	2
1686	0
1687	0
1688	0
1689	1
1690	2
1691	0
1692	1
1693	1
1694	1
1695	2
1696	1
1697	2
1698	2
1699	1
1700	2
1701	1
1702	2
1703	0
1704	0
1705	0
1706	0
1707	0
1708	2
1709	0
1710	1
1711	1
1712	0
1713	2
1714	0
1715	2
1716	0
1717	1
1718	1
1719	0
1720	0
1721	1
1722	2
1723	0
1724	0
1725	0
1726	2
1727	2
1728	0
1729	2
1730	0
1731	2
1732	2
1733	0
1734	1
1735	2
1736	2
1737	2
1738	2
1739	2
1740	2
1741	2
1742	0
1743	0
1744	2
1745	0
1746	1
1747	1
1748	1
1749	2
1750	2
1751	1
1752	2
1753	0
1754	2
1755	0
1756	1
1757	1
1758	1
1759	0
1760	0
1761	2
1762	2
1763	1
1764	0
1765	2
1766	2
1767	1
1768	1
1769	1
1770	1
1771	0
1772	0
1773	2
1774	2
1775	0
1776	1
1777	2
1778	1
1779	1
1780	1
1781	0
1782	2
1783	0
1784	2
1785	2
1786	0
1787	2
1788	2
1789	1
1790	0
1791	1
1792	0
1793	1
1794	1
1795	0
1796	0
1797	0
1798	0
1799	2
1800	1
1801	0
1802	2
1803	2
1804	2
1805	1
1806	0
1807	2
1808	2
1809	2
1810	2
1811	0
1812	2
1813	2
1814	2
1815	2
1816	2
1817	2
1818	0
1819	1
1820	2
1821	0
1822	0
1823	0
1824	2
1825	2
1826	1
1827	0
1828	0
1829	1
1830	0
1831	0
1832	2
1833	1
1834	1
1835	0
1836	2
1837	2
1838	0
1839	0
1840	2
1841	0
1842	0
1843	0
1844	1
1845	1
1846	2
1847	0
1848	0
1849	2
1850	2
1851	2
1852	1
1853	0
1854	0
1855	1
1856	0
1857	1
1858	1
1859	1
1860	1
1861	1
1862	2
1863	0
1864	0
1865	1
1866	2
1867	0
1868	2
1869	2
1870	2
1871	0
1872	0
1873	2
1874	1
1875	1
1876	0
1877	0
1878	0
1879	2
1880	1
1881	0
1882	0
1883	0
1884	1
1885	0
1886	2
1887	1
1888	1
1889	0
1890	1
1891	0
1892	2
1893	0
1894	0
1895	1
1896	1
1897	2
1898	0
1899	0
1900	0
1901	1
1902	0
1903	1
1904	0
1905	2
1906	1
1907	2
1908	1
1909	1
1910	1
1911	0
1912	2
1913	1
1914	0
1915	2
1916	2
1917	1
1918	2
1919	1
1920	0
1921	0
1922	1
1923	0
1924	2
1925	1
1926	2
1927	1
1928	1
1929	2
1930	0
1931	1
1932	1
1933	2
1934	0
1935	1
1936	2
1937	0
1938	2
1939	0
1940	0
1941	2
1942	1
1943	1
1944	0
1945	2
1946	0
1947	0
1948	0
1949	0
1950	0
1951	0
1952	0
1953	0
1954	0
1955	2
1956	2
1957	0
1958	1
1959	2
1960	2
1961	0
1962	0
1963	2
1964	0
1965	1
1966	2
1967	0
1968	0
1969	0
1970	0
1971	1
1972	2
1973	2
1974	0
1975	2
1976	0
1977	0
1978	0
1979	2
1980	0
1981	0
1982	0
1983	1
1984	2
1985	0
1986	0
1987	0
1988	2
1989	2
1990	1
1991	0
1992	2
1993	0
1994	1
1995	1
1996	2
1997	0
1998	2
1999	2
