index	prediction
0	1
1	0
2	0
3	0
4	0
5	2
6	0
7	1
8	2
9	1
10	0
11	1
12	0
13	0
14	0
15	2
16	2
17	1
18	1
19	2
20	0
21	0
22	0
23	1
24	0
25	2
26	2
27	2
28	2
29	0
30	0
31	1
32	1
33	1
34	2
35	0
36	0
37	2
38	1
39	0
40	0
41	1
42	0
43	0
44	2
45	2
46	2
47	1
48	2
49	0
50	2
51	1
52	1
53	0
54	1
55	2
56	0
57	1
58	2
59	1
60	1
61	1
62	1
63	2
64	1
65	1
66	0
67	0
68	1
69	1
70	0
71	1
72	0
73	0
74	2
75	1
76	0
77	0
78	1
79	0
80	2
81	2
82	0
83	0
84	1
85	1
86	1
87	0
88	2
89	0
90	2
91	0
92	0
93	2
94	1
95	1
96	0
97	1
98	1
99	2
100	0
101	1
102	1
103	2
104	0
105	2
106	2
107	0
108	2
109	1
110	2
111	0
112	1
113	2
114	0
115	2
116	2
117	1
118	0
119	2
120	0
121	2
122	2
123	2
124	0
125	0
126	1
127	1
128	1
129	2
130	1
131	1
132	2
133	2
134	2
135	0
136	1
137	0
138	1
139	2
140	2
141	0
142	1
143	2
144	2
145	1
146	0
147	0
148	0
149	1
150	2
151	1
152	2
153	0
154	2
155	1
156	1
157	2
158	1
159	0
160	2
161	0
162	2
163	1
164	2
165	2
166	0
167	0
168	0
169	2
170	1
171	1
172	0
173	1
174	0
175	0
176	2
177	1
178	2
179	1
180	2
181	0
182	0
183	0
184	1
185	1
186	2
187	1
188	1
189	2
190	2
191	2
192	1
193	0
194	1
195	1
196	0
197	0
198	1
199	1
200	2
201	2
202	2
203	0
204	2
205	0
206	1
207	2
208	0
209	0
210	0
211	2
212	2
213	1
214	2
215	0
216	0
217	2
218	0
219	0
220	2
221	2
222	2
223	1
224	0
225	0
226	0
227	1
228	0
229	0
230	1
231	1
232	1
233	2
234	1
235	0
236	1
237	1
238	0
239	0
240	0
241	1
242	0
243	1
244	0
245	1
246	2
247	2
248	2
249	1
250	2
251	1
252	0
253	1
254	0
255	2
256	2
257	0
258	1
259	0
260	2
261	1
262	2
263	0
264	1
265	0
266	1
267	1
268	1
269	0
270	1
271	1
272	2
273	0
274	1
275	0
276	2
277	0
278	0
279	1
280	0
281	0
282	2
283	2
284	1
285	1
286	1
287	0
288	1
289	1
290	1
291	1
292	2
293	2
294	1
295	2
296	2
297	2
298	1
299	0
300	0
301	2
302	1
303	0
304	2
305	1
306	0
307	1
308	0
309	1
310	2
311	2
312	2
313	0
314	0
315	1
316	0
317	1
318	2
319	0
320	2
321	1
322	1
323	2
324	2
325	2
326	1
327	2
328	2
329	0
330	2
331	2
332	2
333	2
334	2
335	0
336	0
337	2
338	2
339	1
340	1
341	1
342	1
343	0
344	0
345	0
346	1
347	0
348	0
349	1
350	2
351	0
352	0
353	0
354	0
355	0
356	1
357	1
358	2
359	0
360	1
361	2
362	2
363	0
364	0
365	2
366	0
367	1
368	0
369	1
370	2
371	2
372	2
373	2
374	1
375	1
376	0
377	0
378	2
379	1
380	0
381	0
382	0
383	0
384	2
385	2
386	1
387	0
388	0
389	2
390	1
391	0
392	0
393	0
394	1
395	0
396	2
397	2
398	0
399	0
400	0
401	2
402	2
403	2
404	0
405	2
406	2
407	0
408	0
409	1
410	1
411	2
412	0
413	1
414	0
415	1
416	2
417	1
418	0
419	1
420	2
421	1
422	2
423	1
424	2
425	0
426	2
427	1
428	0
429	2
430	0
431	1
432	0
433	2
434	1
435	2
436	1
437	2
438	2
439	1
440	0
441	1
442	2
443	1
444	1
445	0
446	0
447	0
448	0
449	2
450	0
451	1
452	1
453	1
454	0
455	0
456	0
457	0
458	0
459	0
460	2
461	0
462	0
463	1
464	0
465	1
466	1
467	2
468	1
469	2
470	1
471	0
472	1
473	2
474	2
475	2
476	0
477	0
478	2
479	2
480	0
481	0
482	0
483	0
484	0
485	0
486	0
487	2
488	1
489	2
490	1
491	2
492	0
493	1
494	2
495	0
496	2
497	0
498	0
499	0
500	0
501	1
502	1
503	0
504	2
505	0
506	0
507	2
508	0
509	2
510	1
511	1
512	0
513	1
514	1
515	0
516	2
517	2
518	0
519	2
520	2
521	0
522	1
523	0
524	0
525	2
526	0
527	2
528	0
529	1
530	0
531	0
532	1
533	2
534	0
535	2
536	1
537	1
538	0
539	0
540	0
541	2
542	1
543	1
544	1
545	1
546	2
547	0
548	1
549	0
550	2
551	2
552	1
553	1
554	1
555	1
556	1
557	0
558	1
559	0
560	2
561	1
562	1
563	1
564	0
565	1
566	0
567	0
568	0
569	0
570	0
571	0
572	0
573	1
574	0
575	1
576	1
577	2
578	2
579	2
580	0
581	1
582	0
583	1
584	1
585	2
586	1
587	2
588	2
589	2
590	0
591	2
592	1
593	0
594	2
595	1
596	0
597	0
598	0
599	1
600	1
601	2
602	1
603	1
604	0
605	1
606	1
607	2
608	1
609	0
610	2
611	1
612	2
613	2
614	0
615	2
616	1
617	1
618	1
619	2
620	2
621	1
622	0
623	1
624	0
625	2
626	0
627	2
628	0
629	0
630	2
631	0
632	2
633	0
634	1
635	1
636	2
637	2
638	1
639	0
640	0
641	2
642	2
643	1
644	2
645	1
646	2
647	0
648	1
649	0
650	1
651	0
652	1
653	1
654	0
655	1
656	2
657	0
658	2
659	0
660	1
661	1
662	0
663	2
664	0
665	2
666	2
667	2
668	0
669	0
670	2
671	0
672	2
673	0
674	2
675	2
676	0
677	2
678	0
679	0
680	1
681	1
682	0
683	1
684	1
685	2
686	0
687	0
688	1
689	1
690	2
691	1
692	0
693	2
694	0
695	0
696	1
697	2
698	2
699	0
700	2
701	1
702	0
703	2
704	1
705	2
706	0
707	2
708	2
709	0
710	2
711	0
712	1
713	2
714	2
715	2
716	2
717	1
718	1
719	1
720	1
721	1
722	1
723	1
724	2
725	0
726	2
727	1
728	2
729	0
730	1
731	2
732	1
733	1
734	1
735	0
736	1
737	1
738	2
739	2
740	0
741	1
742	0
743	2
744	2
745	1
746	0
747	1
748	0
749	2
750	1
751	2
752	0
753	0
754	0
755	1
756	1
757	0
758	0
759	1
760	2
761	1
762	0
763	2
764	2
765	2
766	1
767	2
768	0
769	0
770	0
771	2
772	0
773	2
774	2
775	0
776	1
777	2
778	1
779	0
780	0
781	2
782	1
783	0
784	0
785	1
786	0
787	0
788	2
789	0
790	1
791	2
792	1
793	1
794	0
795	2
796	2
797	2
798	1
799	2
800	0
801	0
802	1
803	2
804	0
805	1
806	1
807	1
808	0
809	0
810	1
811	1
812	1
813	2
814	0
815	2
816	1
817	0
818	1
819	1
820	0
821	1
822	0
823	1
824	1
825	0
826	2
827	1
828	0
829	1
830	2
831	0
832	1
833	1
834	1
835	1
836	1
837	0
838	0
839	0
840	1
841	0
842	1
843	0
844	0
845	0
846	2
847	1
848	0
849	0
850	0
851	2
852	0
853	0
854	1
855	1
856	2
857	2
858	1
859	2
860	0
861	2
862	0
863	1
864	1
865	0
866	0
867	0
868	2
869	0
870	1
871	0
872	0
873	0
874	1
875	0
876	2
877	1
878	1
879	0
880	0
881	0
882	0
883	0
884	0
885	0
886	0
887	0
888	0
889	1
890	1
891	1
892	2
893	1
894	0
895	1
896	2
897	2
898	2
899	1
900	0
901	2
902	0
903	0
904	0
905	1
906	0
907	1
908	1
909	1
910	0
911	1
912	0
913	0
914	1
915	0
916	2
917	1
918	0
919	0
920	0
921	1
922	0
923	1
924	0
925	1
926	2
927	1
928	1
929	1
930	1
931	2
932	2
933	2
934	0
935	1
936	1
937	0
938	1
939	1
940	0
941	1
942	2
943	0
944	1
945	0
946	0
947	0
948	1
949	2
950	1
951	2
952	2
953	2
954	2
955	0
956	2
957	2
958	2
959	2
960	2
961	2
962	1
963	2
964	0
965	2
966	1
967	1
968	0
969	1
970	0
971	0
972	0
973	2
974	2
975	0
976	1
977	0
978	1
979	2
980	1
981	0
982	0
983	1
984	2
985	2
986	2
987	0
988	0
989	0
990	1
991	0
992	1
993	1
994	2
995	2
996	2
997	1
998	0
999	0
1000	1
1001	1
1002	2
1003	2
1004	1
1005	0
1006	2
1007	2
1008	1
1009	0
1010	1
1011	2
1012	1
1013	2
1014	2
1015	1
1016	0
1017	2
1018	1
1019	2
1020	1
1021	1
1022	1
1023	1
1024	1
1025	1
1026	2
1027	1
1028	2
1029	0
1030	1
1031	1
1032	2
1033	2
1034	1
1035	1
1036	2
1037	0
1038	2
1039	1
1040	0
1041	2
1042	0
1043	0
1044	1
1045	2
1046	2
1047	0
1048	0
1049	2
1050	0
1051	0
1052	0
1053	0
1054	1
1055	1
1056	0
1057	0
1058	1
1059	1
1060	1
1061	2
1062	0
1063	2
1064	1
1065	1
1066	1
1067	2
1068	1
1069	1
1070	0
1071	1
1072	0
1073	2
1074	0
1075	2
1076	2
1077	1
1078	0
1079	1
1080	0
1081	0
1082	1
1083	1
1084	1
1085	2
1086	0
1087	2
1088	1
1089	2
1090	1
1091	0
1092	1
1093	0
1094	2
1095	0
1096	1
1097	0
1098	1
1099	0
1100	2
1101	1
1102	1
1103	1
1104	1
1105	1
1106	0
1107	1
1108	1
1109	2
1110	2
1111	1
1112	2
1113	0
1114	2
1115	1
1116	2
1117	2
1118	1
1119	0
1120	0
1121	0
1122	0
1123	1
1124	2
1125	2
1126	0
1127	2
1128	2
1129	1
1130	2
1131	2
1132	0
1133	0
1134	1
1135	1
1136	1
1137	1
1138	0
1139	2
1140	0
1141	0
1142	0
1143	0
1144	0
1145	2
1146	1
1147	1
1148	1
1149	0
1150	1
1151	0
1152	0
1153	1
1154	2
1155	1
1156	1
1157	0
1158	1
1159	0
1160	1
1161	0
1162	1
1163	1
1164	0
1165	1
1166	0
1167	0
1168	2
1169	0
1170	1
1171	2
1172	0
1173	0
1174	2
1175	1
1176	0
1177	2
1178	2
1179	0
1180	2
1181	0
1182	0
1183	1
1184	2
1185	1
1186	1
1187	1
1188	0
1189	1
1190	2
1191	0
1192	0
1193	2
1194	0
1195	0
1196	2
1197	2
1198	0
1199	2
1200	2
1201	2
1202	0
1203	2
1204	1
1205	2
1206	1
1207	0
1208	0
1209	0
1210	0
1211	2
1212	1
1213	0
1214	0
1215	2
1216	0
1217	2
1218	2
1219	2
1220	1
1221	2
1222	1
1223	0
1224	0
1225	2
1226	2
1227	1
1228	1
1229	0
1230	1
1231	1
1232	0
1233	0
1234	0
1235	0
1236	0
1237	2
1238	1
1239	0
1240	2
1241	0
1242	0
1243	2
1244	0
1245	0
1246	2
1247	2
1248	0
1249	2
1250	1
1251	0
1252	1
1253	2
1254	2
1255	2
1256	1
1257	0
1258	1
1259	2
1260	0
1261	1
1262	0
1263	2
1264	0
1265	2
1266	2
1267	2
1268	2
1269	0
1270	1
1271	0
1272	0
1273	1
1274	1
1275	0
1276	0
1277	0
1278	1
1279	0
1280	2
1281	2
1282	0
1283	0
1284	0
1285	1
1286	0
1287	1
1288	0
1289	0
1290	0
1291	0
1292	0
1293	1
1294	1
1295	1
1296	2
1297	0
1298	1
1299	1
1300	2
1301	0
1302	2
1303	2
1304	2
1305	1
1306	0
1307	1
1308	0
1309	0
1310	2
1311	2
1312	2
1313	2
1314	2
1315	1
1316	0
1317	1
1318	2
1319	1
1320	0
1321	2
1322	1
1323	1
1324	0
1325	1
1326	2
1327	2
1328	2
1329	1
1330	2
1331	0
1332	2
1333	1
1334	2
1335	1
1336	0
1337	2
1338	2
1339	1
1340	1
1341	1
1342	2
1343	2
1344	0
1345	0
1346	1
1347	0
1348	1
1349	2
1350	1
1351	1
1352	0
1353	0
1354	2
1355	2
1356	2
1357	2
1358	0
1359	0
1360	1
1361	2
1362	1
1363	0
1364	0
1365	0
1366	2
1367	2
1368	0
1369	2
1370	1
1371	1
1372	0
1373	2
1374	2
1375	0
1376	2
1377	1
1378	0
1379	0
1380	2
1381	1
1382	0
1383	0
1384	2
1385	1
1386	1
1387	0
1388	2
1389	0
1390	2
1391	2
1392	2
1393	0
1394	0
1395	2
1396	1
1397	0
1398	2
1399	0
1400	0
1401	0
1402	1
1403	0
1404	1
1405	1
1406	2
1407	0
1408	2
1409	2
1410	1
1411	0
1412	0
1413	2
1414	0
1415	2
1416	2
1417	2
1418	0
1419	1
1420	0
1421	0
1422	2
1423	2
1424	2
1425	2
1426	1
1427	0
1428	1
1429	1
1430	0
1431	0
1432	0
1433	0
1434	2
1435	1
1436	0
1437	2
1438	2
1439	2
1440	0
1441	2
1442	0
1443	0
1444	2
1445	2
1446	2
1447	2
1448	2
1449	1
1450	2
1451	2
1452	2
1453	1
1454	0
1455	0
1456	0
1457	0
1458	2
1459	1
1460	2
1461	0
1462	0
1463	2
1464	0
1465	2
1466	1
1467	1
1468	1
1469	1
1470	0
1471	2
1472	0
1473	2
1474	0
1475	1
1476	2
1477	1
1478	1
1479	0
1480	2
1481	1
1482	0
1483	0
1484	1
1485	1
1486	0
1487	2
1488	0
1489	0
1490	1
1491	2
1492	1
1493	0
1494	0
1495	1
1496	2
1497	2
1498	1
1499	1
1500	1
1501	0
1502	1
1503	0
1504	1
1505	1
1506	1
1507	0
1508	2
1509	1
1510	0
1511	1
1512	1
1513	1
1514	0
1515	0
1516	2
1517	1
1518	2
1519	2
1520	1
1521	1
1522	1
1523	0
1524	0
1525	1
1526	1
1527	0
1528	1
1529	1
1530	1
1531	1
1532	1
1533	0
1534	1
1535	2
1536	0
1537	1
1538	1
1539	2
1540	2
1541	2
1542	2
1543	1
1544	1
1545	2
1546	2
1547	0
1548	0
1549	1
1550	2
1551	2
1552	0
1553	1
1554	2
1555	0
1556	1
1557	1
1558	1
1559	2
1560	0
1561	1
1562	0
1563	1
1564	1
1565	2
1566	1
1567	2
1568	0
1569	1
1570	1
1571	2
1572	2
1573	2
1574	0
1575	0
1576	1
1577	0
1578	0
1579	1
1580	1
1581	0
1582	0
1583	1
1584	2
1585	2
1586	0
1587	0
1588	0
1589	0
1590	2
1591	2
1592	2
1593	0
1594	0
1595	0
1596	0
1597	0
1598	1
1599	2
1600	2
1601	0
1602	1
1603	2
1604	0
1605	1
1606	0
1607	0
1608	2
1609	1
1610	0
1611	0
1612	2
1613	2
1614	1
1615	0
1616	1
1617	2
1618	0
1619	0
1620	2
1621	1
1622	2
1623	2
1624	1
1625	2
1626	1
1627	1
1628	1
1629	1
1630	0
1631	2
1632	1
1633	2
1634	1
1635	0
1636	2
1637	2
1638	0
1639	2
1640	1
1641	1
1642	1
1643	1
1644	1
1645	1
1646	2
1647	1
1648	0
1649	2
1650	2
1651	1
1652	1
1653	2
1654	1
1655	1
1656	1
1657	2
1658	0
1659	0
1660	1
1661	2
1662	2
1663	2
1664	2
1665	0
1666	0
1667	0
1668	2
1669	1
1670	0
1671	1
1672	2
1673	0
1674	2
1675	2
1676	0
1677	1
1678	0
1679	2
1680	0
1681	1
1682	2
1683	0
1684	1
1685	1
1686	0
1687	0
1688	1
1689	0
1690	2
1691	0
1692	0
1693	1
1694	2
1695	2
1696	1
1697	1
1698	0
1699	1
1700	2
1701	1
1702	2
1703	0
1704	0
1705	2
1706	2
1707	1
1708	2
1709	0
1710	0
1711	1
1712	0
1713	2
1714	0
1715	1
1716	1
1717	1
1718	1
1719	0
1720	0
1721	2
1722	0
1723	1
1724	0
1725	2
1726	2
1727	1
1728	0
1729	2
1730	0
1731	1
1732	0
1733	0
1734	1
1735	0
1736	2
1737	2
1738	0
1739	2
1740	2
1741	0
1742	2
1743	0
1744	1
1745	0
1746	2
1747	1
1748	0
1749	2
1750	0
1751	1
1752	1
1753	0
1754	2
1755	0
1756	0
1757	0
1758	0
1759	2
1760	1
1761	2
1762	2
1763	2
1764	1
1765	1
1766	2
1767	0
1768	1
1769	0
1770	0
1771	0
1772	0
1773	2
1774	1
1775	2
1776	1
1777	2
1778	2
1779	0
1780	0
1781	0
1782	2
1783	0
1784	0
1785	1
1786	1
1787	2
1788	2
1789	1
1790	0
1791	1
1792	0
1793	1
1794	1
1795	0
1796	0
1797	2
1798	0
1799	1
1800	2
1801	0
1802	2
1803	2
1804	2
1805	2
1806	1
1807	1
1808	2
1809	2
1810	2
1811	0
1812	2
1813	2
1814	1
1815	1
1816	2
1817	2
1818	0
1819	1
1820	0
1821	0
1822	1
1823	2
1824	2
1825	0
1826	2
1827	0
1828	0
1829	1
1830	0
1831	2
1832	2
1833	1
1834	1
1835	0
1836	0
1837	2
1838	0
1839	0
1840	2
1841	2
1842	0
1843	0
1844	1
1845	1
1846	2
1847	2
1848	1
1849	2
1850	1
1851	2
1852	0
1853	0
1854	2
1855	1
1856	1
1857	2
1858	2
1859	0
1860	1
1861	2
1862	2
1863	1
1864	1
1865	0
1866	2
1867	2
1868	0
1869	2
1870	0
1871	0
1872	1
1873	2
1874	1
1875	2
1876	0
1877	2
1878	1
1879	1
1880	2
1881	0
1882	2
1883	0
1884	2
1885	1
1886	0
1887	2
1888	1
1889	0
1890	1
1891	1
1892	2
1893	1
1894	1
1895	1
1896	2
1897	1
1898	0
1899	1
1900	0
1901	1
1902	0
1903	0
1904	2
1905	2
1906	0
1907	1
1908	1
1909	1
1910	2
1911	2
1912	2
1913	1
1914	0
1915	1
1916	0
1917	1
1918	1
1919	1
1920	0
1921	0
1922	1
1923	0
1924	1
1925	0
1926	2
1927	1
1928	0
1929	2
1930	2
1931	1
1932	1
1933	2
1934	2
1935	1
1936	2
1937	0
1938	2
1939	1
1940	2
1941	2
1942	0
1943	1
1944	1
1945	2
1946	2
1947	2
1948	0
1949	0
1950	0
1951	1
1952	0
1953	1
1954	0
1955	2
1956	2
1957	1
1958	1
1959	1
1960	2
1961	0
1962	0
1963	0
1964	1
1965	1
1966	2
1967	0
1968	0
1969	0
1970	0
1971	0
1972	2
1973	2
1974	0
1975	2
1976	0
1977	2
1978	0
1979	1
1980	0
1981	2
1982	1
1983	2
1984	0
1985	1
1986	2
1987	0
1988	2
1989	0
1990	0
1991	2
1992	2
1993	0
1994	1
1995	0
1996	0
1997	0
1998	0
1999	2
