index	prediction
0	1
1	0
2	2
3	1
4	1
5	1
6	1
7	2
8	1
9	1
10	2
11	0
12	0
13	2
14	1
15	0
16	2
17	1
18	1
19	2
20	0
21	0
22	0
23	1
24	0
25	2
26	2
27	2
28	1
29	0
30	1
31	2
32	1
33	2
34	1
35	1
36	2
37	1
38	2
39	0
40	1
41	2
42	2
43	0
44	2
45	2
46	1
47	1
48	2
49	2
50	1
51	1
52	0
53	2
54	2
55	2
56	1
57	1
58	2
59	1
60	1
61	2
62	2
63	2
64	1
65	1
66	0
67	0
68	1
69	1
70	0
71	1
72	0
73	0
74	0
75	2
76	1
77	0
78	0
79	2
80	2
81	1
82	2
83	1
84	1
85	2
86	1
87	1
88	2
89	2
90	2
91	1
92	1
93	2
94	2
95	1
96	0
97	2
98	2
99	2
100	1
101	1
102	0
103	0
104	1
105	2
106	1
107	2
108	1
109	2
110	2
111	2
112	0
113	2
114	1
115	1
116	2
117	0
118	1
119	2
120	0
121	2
122	1
123	0
124	2
125	0
126	1
127	1
128	2
129	2
130	0
131	0
132	1
133	2
134	2
135	0
136	1
137	0
138	2
139	2
140	2
141	0
142	0
143	2
144	2
145	1
146	0
147	0
148	2
149	1
150	2
151	0
152	2
153	0
154	1
155	1
156	0
157	0
158	1
159	1
160	2
161	0
162	2
163	0
164	1
165	2
166	1
167	0
168	0
169	2
170	0
171	1
172	0
173	1
174	1
175	2
176	0
177	1
178	2
179	1
180	2
181	0
182	0
183	1
184	2
185	1
186	2
187	1
188	0
189	2
190	2
191	2
192	1
193	0
194	1
195	1
196	1
197	2
198	2
199	0
200	1
201	2
202	2
203	0
204	2
205	2
206	1
207	2
208	0
209	0
210	0
211	2
212	1
213	2
214	2
215	1
216	1
217	2
218	2
219	0
220	2
221	1
222	1
223	1
224	0
225	1
226	0
227	1
228	0
229	1
230	1
231	2
232	2
233	1
234	1
235	2
236	1
237	0
238	0
239	1
240	2
241	2
242	1
243	1
244	2
245	1
246	2
247	1
248	1
249	2
250	0
251	2
252	0
253	1
254	1
255	1
256	2
257	0
258	2
259	0
260	0
261	1
262	0
263	1
264	2
265	0
266	1
267	1
268	2
269	1
270	2
271	0
272	2
273	1
274	1
275	2
276	2
277	2
278	0
279	1
280	0
281	0
282	1
283	1
284	2
285	1
286	1
287	1
288	1
289	2
290	1
291	1
292	2
293	0
294	1
295	2
296	2
297	2
298	1
299	0
300	1
301	1
302	1
303	0
304	1
305	2
306	0
307	2
308	0
309	0
310	0
311	2
312	2
313	0
314	0
315	0
316	1
317	0
318	2
319	0
320	2
321	1
322	1
323	2
324	1
325	0
326	0
327	2
328	2
329	0
330	2
331	0
332	0
333	0
334	2
335	2
336	1
337	2
338	2
339	2
340	1
341	2
342	0
343	0
344	0
345	2
346	0
347	0
348	2
349	2
350	0
351	0
352	1
353	0
354	0
355	1
356	2
357	1
358	2
359	0
360	2
361	2
362	2
363	0
364	0
365	2
366	2
367	2
368	2
369	0
370	0
371	0
372	2
373	0
374	1
375	2
376	1
377	2
378	2
379	2
380	1
381	2
382	2
383	0
384	0
385	2
386	0
387	0
388	2
389	0
390	0
391	2
392	0
393	0
394	1
395	2
396	2
397	2
398	1
399	2
400	0
401	2
402	2
403	2
404	0
405	2
406	0
407	2
408	0
409	1
410	0
411	1
412	1
413	1
414	0
415	0
416	2
417	2
418	0
419	1
420	2
421	1
422	1
423	1
424	2
425	1
426	0
427	1
428	0
429	0
430	0
431	0
432	2
433	0
434	2
435	0
436	1
437	2
438	1
439	1
440	1
441	1
442	1
443	1
444	1
445	2
446	1
447	0
448	0
449	2
450	2
451	1
452	2
453	1
454	0
455	0
456	0
457	0
458	1
459	2
460	1
461	0
462	0
463	1
464	0
465	0
466	1
467	2
468	2
469	2
470	0
471	0
472	1
473	1
474	2
475	0
476	0
477	0
478	2
479	0
480	0
481	0
482	0
483	0
484	0
485	0
486	2
487	2
488	0
489	2
490	0
491	2
492	1
493	2
494	1
495	0
496	2
497	2
498	1
499	0
500	1
501	1
502	0
503	0
504	2
505	0
506	1
507	2
508	0
509	2
510	2
511	1
512	0
513	1
514	1
515	1
516	0
517	2
518	1
519	0
520	2
521	2
522	1
523	2
524	1
525	2
526	0
527	2
528	0
529	1
530	1
531	2
532	1
533	2
534	0
535	2
536	0
537	1
538	0
539	0
540	2
541	2
542	2
543	1
544	0
545	0
546	2
547	0
548	0
549	1
550	2
551	1
552	0
553	1
554	1
555	2
556	1
557	0
558	1
559	1
560	2
561	0
562	1
563	1
564	0
565	0
566	1
567	0
568	2
569	0
570	2
571	1
572	1
573	2
574	2
575	0
576	1
577	2
578	2
579	0
580	0
581	0
582	0
583	1
584	0
585	1
586	1
587	2
588	1
589	0
590	2
591	2
592	1
593	0
594	2
595	2
596	0
597	1
598	1
599	2
600	1
601	1
602	1
603	1
604	0
605	2
606	1
607	2
608	0
609	2
610	0
611	1
612	2
613	2
614	0
615	2
616	1
617	0
618	1
619	0
620	2
621	1
622	2
623	1
624	0
625	2
626	0
627	2
628	2
629	2
630	2
631	0
632	2
633	2
634	0
635	0
636	1
637	0
638	1
639	0
640	0
641	1
642	0
643	2
644	2
645	2
646	2
647	0
648	2
649	0
650	2
651	2
652	2
653	0
654	1
655	2
656	2
657	2
658	1
659	1
660	0
661	0
662	1
663	1
664	0
665	2
666	1
667	2
668	2
669	1
670	1
671	1
672	2
673	0
674	2
675	1
676	2
677	2
678	2
679	0
680	1
681	0
682	0
683	2
684	1
685	1
686	0
687	0
688	1
689	2
690	1
691	0
692	2
693	2
694	1
695	1
696	1
697	0
698	2
699	2
700	2
701	1
702	0
703	1
704	2
705	2
706	0
707	2
708	0
709	0
710	2
711	0
712	2
713	2
714	2
715	1
716	1
717	0
718	2
719	1
720	2
721	1
722	0
723	1
724	1
725	2
726	2
727	1
728	2
729	1
730	0
731	0
732	1
733	0
734	1
735	2
736	1
737	1
738	2
739	2
740	1
741	2
742	0
743	1
744	2
745	1
746	0
747	2
748	2
749	2
750	0
751	2
752	0
753	1
754	2
755	1
756	1
757	1
758	1
759	1
760	2
761	2
762	2
763	2
764	2
765	1
766	1
767	2
768	1
769	0
770	2
771	2
772	0
773	2
774	2
775	0
776	0
777	0
778	2
779	0
780	1
781	1
782	2
783	0
784	0
785	1
786	0
787	0
788	2
789	2
790	1
791	1
792	1
793	2
794	1
795	1
796	2
797	2
798	1
799	0
800	1
801	2
802	1
803	2
804	0
805	0
806	0
807	1
808	0
809	1
810	1
811	1
812	2
813	2
814	1
815	2
816	1
817	2
818	1
819	0
820	2
821	1
822	1
823	1
824	1
825	0
826	0
827	1
828	2
829	2
830	1
831	0
832	1
833	0
834	1
835	2
836	2
837	0
838	1
839	0
840	0
841	0
842	1
843	0
844	0
845	2
846	2
847	1
848	0
849	0
850	1
851	1
852	0
853	1
854	2
855	1
856	0
857	0
858	2
859	2
860	0
861	0
862	0
863	0
864	2
865	0
866	0
867	2
868	0
869	0
870	0
871	0
872	2
873	2
874	1
875	0
876	2
877	0
878	1
879	0
880	2
881	2
882	0
883	0
884	0
885	0
886	0
887	0
888	0
889	0
890	1
891	1
892	2
893	2
894	0
895	1
896	2
897	2
898	2
899	0
900	1
901	1
902	0
903	0
904	0
905	2
906	0
907	0
908	1
909	1
910	1
911	0
912	0
913	2
914	1
915	0
916	2
917	1
918	2
919	0
920	2
921	1
922	0
923	1
924	1
925	0
926	2
927	1
928	0
929	2
930	0
931	2
932	0
933	0
934	0
935	1
936	1
937	0
938	2
939	1
940	1
941	1
942	2
943	2
944	2
945	0
946	0
947	1
948	1
949	1
950	1
951	1
952	2
953	2
954	2
955	2
956	2
957	1
958	2
959	2
960	2
961	2
962	1
963	2
964	1
965	2
966	2
967	2
968	2
969	1
970	0
971	1
972	1
973	2
974	0
975	2
976	2
977	0
978	0
979	0
980	1
981	1
982	0
983	0
984	2
985	2
986	2
987	2
988	1
989	2
990	2
991	0
992	2
993	0
994	1
995	1
996	2
997	1
998	1
999	1
1000	2
1001	1
1002	2
1003	2
1004	1
1005	0
1006	2
1007	0
1008	2
1009	1
1010	1
1011	0
1012	1
1013	1
1014	2
1015	1
1016	2
1017	1
1018	2
1019	2
1020	1
1021	1
1022	0
1023	0
1024	2
1025	1
1026	2
1027	1
1028	0
1029	0
1030	1
1031	1
1032	2
1033	2
1034	0
1035	0
1036	2
1037	2
1038	2
1039	1
1040	0
1041	1
1042	0
1043	2
1044	1
1045	2
1046	1
1047	2
1048	0
1049	0
1050	2
1051	1
1052	0
1053	1
1054	1
1055	0
1056	0
1057	2
1058	1
1059	0
1060	1
1061	1
1062	2
1063	2
1064	1
1065	1
1066	1
1067	2
1068	2
1069	1
1070	2
1071	0
1072	0
1073	2
1074	0
1075	1
1076	1
1077	2
1078	1
1079	1
1080	1
1081	0
1082	2
1083	1
1084	1
1085	1
1086	1
1087	2
1088	2
1089	2
1090	1
1091	0
1092	1
1093	0
1094	2
1095	0
1096	0
1097	0
1098	2
1099	0
1100	2
1101	1
1102	1
1103	1
1104	2
1105	2
1106	0
1107	2
1108	1
1109	2
1110	2
1111	2
1112	2
1113	0
1114	0
1115	2
1116	2
1117	2
1118	1
1119	2
1120	1
1121	0
1122	0
1123	1
1124	0
1125	2
1126	2
1127	2
1128	1
1129	2
1130	1
1131	0
1132	1
1133	2
1134	1
1135	1
1136	1
1137	1
1138	0
1139	2
1140	1
1141	1
1142	0
1143	0
1144	1
1145	2
1146	1
1147	2
1148	1
1149	1
1150	1
1151	1
1152	1
1153	0
1154	2
1155	2
1156	0
1157	0
1158	2
1159	0
1160	1
1161	0
1162	2
1163	1
1164	0
1165	0
1166	0
1167	1
1168	0
1169	0
1170	1
1171	2
1172	0
1173	2
1174	2
1175	2
1176	1
1177	1
1178	2
1179	1
1180	2
1181	1
1182	2
1183	1
1184	2
1185	1
1186	2
1187	1
1188	2
1189	1
1190	2
1191	0
1192	0
1193	2
1194	0
1195	1
1196	2
1197	2
1198	2
1199	2
1200	1
1201	2
1202	1
1203	2
1204	1
1205	2
1206	1
1207	0
1208	2
1209	0
1210	0
1211	1
1212	1
1213	1
1214	2
1215	1
1216	0
1217	2
1218	0
1219	2
1220	0
1221	2
1222	1
1223	1
1224	2
1225	2
1226	0
1227	0
1228	1
1229	0
1230	0
1231	1
1232	1
1233	2
1234	0
1235	2
1236	0
1237	2
1238	0
1239	0
1240	1
1241	0
1242	2
1243	2
1244	0
1245	0
1246	0
1247	2
1248	0
1249	2
1250	1
1251	0
1252	0
1253	1
1254	2
1255	2
1256	1
1257	0
1258	1
1259	2
1260	1
1261	2
1262	0
1263	2
1264	1
1265	1
1266	2
1267	2
1268	0
1269	1
1270	2
1271	0
1272	1
1273	0
1274	1
1275	0
1276	2
1277	2
1278	2
1279	2
1280	0
1281	1
1282	0
1283	0
1284	2
1285	1
1286	0
1287	1
1288	2
1289	0
1290	1
1291	0
1292	0
1293	1
1294	2
1295	1
1296	1
1297	1
1298	1
1299	1
1300	1
1301	2
1302	2
1303	2
1304	1
1305	1
1306	0
1307	2
1308	0
1309	0
1310	2
1311	2
1312	2
1313	2
1314	2
1315	1
1316	0
1317	1
1318	1
1319	1
1320	1
1321	2
1322	1
1323	2
1324	0
1325	1
1326	0
1327	2
1328	0
1329	1
1330	2
1331	0
1332	0
1333	2
1334	1
1335	1
1336	2
1337	2
1338	1
1339	2
1340	2
1341	1
1342	0
1343	0
1344	0
1345	0
1346	2
1347	0
1348	2
1349	2
1350	1
1351	1
1352	0
1353	0
1354	1
1355	0
1356	2
1357	2
1358	0
1359	2
1360	0
1361	2
1362	2
1363	2
1364	2
1365	0
1366	1
1367	0
1368	0
1369	0
1370	1
1371	0
1372	0
1373	1
1374	1
1375	0
1376	2
1377	0
1378	0
1379	0
1380	2
1381	0
1382	2
1383	1
1384	2
1385	2
1386	1
1387	1
1388	1
1389	0
1390	0
1391	1
1392	2
1393	1
1394	0
1395	2
1396	2
1397	2
1398	2
1399	1
1400	0
1401	0
1402	1
1403	0
1404	1
1405	2
1406	0
1407	1
1408	0
1409	2
1410	1
1411	1
1412	0
1413	1
1414	0
1415	2
1416	2
1417	0
1418	0
1419	1
1420	1
1421	0
1422	0
1423	0
1424	0
1425	2
1426	1
1427	2
1428	2
1429	1
1430	0
1431	1
1432	2
1433	0
1434	2
1435	1
1436	0
1437	0
1438	1
1439	2
1440	2
1441	2
1442	1
1443	1
1444	2
1445	1
1446	1
1447	2
1448	2
1449	1
1450	0
1451	2
1452	2
1453	1
1454	0
1455	1
1456	1
1457	0
1458	0
1459	0
1460	0
1461	0
1462	0
1463	2
1464	1
1465	1
1466	0
1467	1
1468	1
1469	2
1470	1
1471	1
1472	0
1473	2
1474	1
1475	1
1476	1
1477	1
1478	0
1479	1
1480	1
1481	1
1482	0
1483	0
1484	1
1485	2
1486	2
1487	0
1488	0
1489	1
1490	1
1491	2
1492	1
1493	2
1494	0
1495	0
1496	1
1497	0
1498	0
1499	1
1500	1
1501	1
1502	1
1503	0
1504	0
1505	1
1506	0
1507	2
1508	2
1509	0
1510	2
1511	1
1512	1
1513	1
1514	1
1515	1
1516	1
1517	1
1518	2
1519	0
1520	1
1521	1
1522	1
1523	1
1524	2
1525	2
1526	0
1527	1
1528	1
1529	2
1530	1
1531	2
1532	1
1533	0
1534	0
1535	1
1536	0
1537	1
1538	2
1539	1
1540	2
1541	2
1542	1
1543	2
1544	0
1545	0
1546	2
1547	0
1548	0
1549	2
1550	2
1551	0
1552	0
1553	2
1554	2
1555	1
1556	2
1557	2
1558	0
1559	1
1560	0
1561	1
1562	2
1563	1
1564	1
1565	2
1566	2
1567	2
1568	0
1569	1
1570	1
1571	2
1572	0
1573	2
1574	2
1575	2
1576	2
1577	0
1578	1
1579	1
1580	2
1581	0
1582	0
1583	2
1584	2
1585	2
1586	0
1587	0
1588	2
1589	1
1590	2
1591	1
1592	2
1593	0
1594	0
1595	0
1596	0
1597	2
1598	0
1599	2
1600	2
1601	0
1602	0
1603	2
1604	2
1605	0
1606	2
1607	1
1608	1
1609	2
1610	2
1611	0
1612	2
1613	2
1614	2
1615	0
1616	1
1617	0
1618	0
1619	0
1620	2
1621	1
1622	0
1623	2
1624	1
1625	1
1626	1
1627	0
1628	1
1629	2
1630	1
1631	0
1632	1
1633	2
1634	1
1635	1
1636	2
1637	2
1638	1
1639	2
1640	1
1641	0
1642	2
1643	1
1644	0
1645	1
1646	1
1647	1
1648	0
1649	2
1650	0
1651	1
1652	1
1653	1
1654	1
1655	1
1656	1
1657	2
1658	0
1659	1
1660	1
1661	0
1662	1
1663	0
1664	0
1665	0
1666	0
1667	0
1668	2
1669	0
1670	2
1671	1
1672	2
1673	0
1674	2
1675	2
1676	0
1677	1
1678	0
1679	2
1680	1
1681	1
1682	0
1683	2
1684	1
1685	1
1686	0
1687	2
1688	0
1689	1
1690	2
1691	0
1692	0
1693	1
1694	1
1695	2
1696	1
1697	2
1698	0
1699	2
1700	2
1701	1
1702	2
1703	0
1704	2
1705	2
1706	0
1707	1
1708	1
1709	0
1710	1
1711	1
1712	1
1713	1
1714	0
1715	2
1716	1
1717	1
1718	0
1719	0
1720	0
1721	1
1722	2
1723	0
1724	2
1725	2
1726	2
1727	1
1728	1
1729	2
1730	0
1731	2
1732	2
1733	0
1734	1
1735	1
1736	0
1737	1
1738	2
1739	2
1740	2
1741	1
1742	1
1743	0
1744	2
1745	0
1746	1
1747	2
1748	2
1749	1
1750	0
1751	1
1752	1
1753	0
1754	0
1755	0
1756	0
1757	0
1758	2
1759	0
1760	1
1761	2
1762	2
1763	1
1764	0
1765	2
1766	1
1767	2
1768	0
1769	2
1770	2
1771	2
1772	0
1773	2
1774	2
1775	2
1776	1
1777	2
1778	2
1779	1
1780	0
1781	0
1782	2
1783	1
1784	0
1785	1
1786	1
1787	2
1788	2
1789	1
1790	2
1791	1
1792	1
1793	1
1794	0
1795	1
1796	2
1797	2
1798	1
1799	2
1800	1
1801	0
1802	1
1803	2
1804	2
1805	1
1806	2
1807	1
1808	2
1809	2
1810	2
1811	0
1812	2
1813	2
1814	1
1815	1
1816	0
1817	2
1818	0
1819	1
1820	0
1821	1
1822	2
1823	0
1824	2
1825	0
1826	2
1827	2
1828	2
1829	2
1830	0
1831	0
1832	2
1833	2
1834	2
1835	0
1836	2
1837	2
1838	0
1839	0
1840	2
1841	0
1842	0
1843	0
1844	1
1845	1
1846	0
1847	1
1848	1
1849	2
1850	0
1851	0
1852	0
1853	0
1854	2
1855	1
1856	0
1857	2
1858	1
1859	1
1860	1
1861	2
1862	1
1863	2
1864	2
1865	1
1866	2
1867	0
1868	0
1869	2
1870	2
1871	0
1872	0
1873	2
1874	1
1875	1
1876	2
1877	2
1878	1
1879	0
1880	0
1881	0
1882	2
1883	0
1884	1
1885	1
1886	0
1887	2
1888	1
1889	0
1890	2
1891	2
1892	1
1893	1
1894	0
1895	0
1896	1
1897	0
1898	0
1899	0
1900	0
1901	1
1902	2
1903	1
1904	2
1905	2
1906	1
1907	2
1908	1
1909	2
1910	1
1911	1
1912	2
1913	0
1914	0
1915	2
1916	2
1917	0
1918	0
1919	1
1920	0
1921	0
1922	2
1923	1
1924	2
1925	2
1926	2
1927	1
1928	1
1929	2
1930	1
1931	1
1932	2
1933	2
1934	2
1935	0
1936	2
1937	2
1938	1
1939	0
1940	0
1941	2
1942	1
1943	1
1944	1
1945	2
1946	2
1947	2
1948	0
1949	0
1950	0
1951	0
1952	1
1953	0
1954	0
1955	0
1956	2
1957	1
1958	1
1959	0
1960	2
1961	0
1962	1
1963	0
1964	0
1965	1
1966	2
1967	0
1968	0
1969	0
1970	0
1971	1
1972	2
1973	2
1974	2
1975	2
1976	0
1977	0
1978	0
1979	2
1980	0
1981	0
1982	1
1983	1
1984	2
1985	1
1986	2
1987	0
1988	2
1989	2
1990	0
1991	2
1992	2
1993	2
1994	1
1995	1
1996	2
1997	0
1998	0
1999	1
