index	prediction
0	1
1	1
2	0
3	0
4	0
5	1
6	2
7	0
8	2
9	1
10	2
11	1
12	0
13	2
14	0
15	1
16	2
17	1
18	0
19	0
20	1
21	1
22	0
23	1
24	1
25	2
26	2
27	0
28	0
29	0
30	0
31	2
32	0
33	0
34	0
35	0
36	0
37	2
38	2
39	0
40	1
41	2
42	2
43	0
44	2
45	2
46	0
47	1
48	2
49	1
50	0
51	2
52	2
53	0
54	1
55	2
56	0
57	1
58	2
59	2
60	0
61	1
62	1
63	2
64	1
65	1
66	0
67	0
68	0
69	1
70	0
71	1
72	2
73	0
74	1
75	2
76	1
77	0
78	0
79	0
80	2
81	1
82	1
83	0
84	1
85	1
86	1
87	0
88	0
89	2
90	1
91	0
92	1
93	1
94	2
95	1
96	0
97	2
98	2
99	1
100	0
101	0
102	0
103	0
104	0
105	2
106	0
107	0
108	2
109	1
110	2
111	0
112	2
113	2
114	2
115	2
116	2
117	1
118	1
119	2
120	2
121	2
122	2
123	0
124	0
125	0
126	0
127	0
128	1
129	2
130	1
131	1
132	1
133	2
134	2
135	0
136	1
137	0
138	1
139	2
140	2
141	0
142	1
143	1
144	2
145	2
146	0
147	0
148	2
149	2
150	2
151	2
152	2
153	1
154	1
155	1
156	1
157	0
158	0
159	2
160	2
161	0
162	2
163	1
164	0
165	1
166	2
167	0
168	0
169	2
170	1
171	1
172	0
173	1
174	1
175	0
176	0
177	1
178	2
179	1
180	2
181	0
182	0
183	0
184	2
185	1
186	2
187	1
188	0
189	2
190	2
191	2
192	1
193	0
194	0
195	1
196	1
197	1
198	1
199	1
200	2
201	2
202	2
203	0
204	2
205	0
206	1
207	2
208	0
209	0
210	0
211	2
212	2
213	2
214	2
215	0
216	0
217	2
218	0
219	0
220	2
221	2
222	2
223	1
224	0
225	0
226	0
227	2
228	0
229	1
230	1
231	1
232	1
233	2
234	1
235	0
236	1
237	1
238	0
239	0
240	0
241	1
242	0
243	1
244	0
245	2
246	2
247	0
248	2
249	2
250	2
251	1
252	0
253	1
254	0
255	2
256	2
257	0
258	1
259	0
260	2
261	2
262	2
263	0
264	1
265	0
266	1
267	1
268	1
269	1
270	0
271	2
272	0
273	0
274	0
275	0
276	0
277	0
278	0
279	2
280	0
281	0
282	0
283	2
284	0
285	1
286	1
287	1
288	1
289	1
290	1
291	1
292	2
293	0
294	1
295	0
296	0
297	2
298	1
299	0
300	0
301	2
302	1
303	0
304	0
305	1
306	0
307	2
308	0
309	0
310	2
311	2
312	2
313	0
314	2
315	1
316	0
317	2
318	2
319	0
320	2
321	1
322	1
323	2
324	1
325	1
326	1
327	2
328	2
329	2
330	2
331	0
332	2
333	2
334	2
335	0
336	0
337	2
338	2
339	1
340	1
341	1
342	0
343	0
344	0
345	2
346	1
347	0
348	0
349	2
350	1
351	0
352	2
353	0
354	0
355	0
356	1
357	1
358	2
359	0
360	1
361	2
362	0
363	0
364	2
365	2
366	0
367	1
368	0
369	0
370	0
371	1
372	2
373	2
374	1
375	2
376	2
377	0
378	2
379	1
380	0
381	0
382	1
383	0
384	2
385	0
386	0
387	0
388	0
389	2
390	2
391	0
392	1
393	0
394	0
395	0
396	0
397	2
398	1
399	2
400	0
401	2
402	2
403	2
404	0
405	0
406	0
407	0
408	2
409	1
410	0
411	2
412	1
413	0
414	0
415	0
416	2
417	1
418	0
419	1
420	0
421	1
422	1
423	1
424	2
425	0
426	2
427	1
428	0
429	0
430	1
431	0
432	2
433	0
434	1
435	0
436	1
437	2
438	2
439	2
440	2
441	1
442	2
443	2
444	1
445	0
446	1
447	2
448	0
449	2
450	0
451	1
452	1
453	1
454	0
455	0
456	0
457	0
458	2
459	0
460	2
461	0
462	0
463	0
464	1
465	1
466	2
467	2
468	2
469	2
470	0
471	0
472	0
473	1
474	2
475	0
476	0
477	0
478	2
479	2
480	0
481	0
482	0
483	0
484	0
485	0
486	0
487	2
488	1
489	2
490	1
491	2
492	0
493	1
494	0
495	0
496	2
497	0
498	0
499	2
500	0
501	2
502	2
503	0
504	1
505	0
506	0
507	2
508	0
509	2
510	0
511	0
512	0
513	1
514	1
515	0
516	2
517	2
518	0
519	2
520	2
521	0
522	1
523	0
524	0
525	2
526	1
527	1
528	0
529	1
530	1
531	0
532	0
533	0
534	0
535	2
536	0
537	0
538	0
539	0
540	0
541	2
542	2
543	1
544	0
545	0
546	2
547	0
548	1
549	1
550	2
551	2
552	1
553	1
554	1
555	0
556	1
557	1
558	1
559	0
560	2
561	0
562	1
563	1
564	1
565	2
566	0
567	0
568	2
569	0
570	2
571	0
572	0
573	1
574	0
575	1
576	1
577	2
578	2
579	2
580	0
581	0
582	0
583	1
584	1
585	1
586	1
587	0
588	2
589	1
590	0
591	2
592	1
593	0
594	2
595	2
596	0
597	0
598	0
599	1
600	1
601	1
602	2
603	1
604	0
605	0
606	2
607	2
608	0
609	2
610	0
611	2
612	2
613	2
614	0
615	2
616	1
617	1
618	1
619	0
620	2
621	1
622	0
623	2
624	0
625	2
626	0
627	2
628	0
629	0
630	2
631	0
632	2
633	1
634	1
635	1
636	2
637	0
638	2
639	0
640	0
641	2
642	0
643	1
644	2
645	2
646	2
647	0
648	0
649	0
650	1
651	2
652	0
653	0
654	0
655	1
656	2
657	0
658	1
659	2
660	1
661	1
662	0
663	2
664	0
665	2
666	0
667	1
668	0
669	0
670	2
671	0
672	2
673	0
674	0
675	2
676	0
677	2
678	0
679	1
680	2
681	0
682	0
683	2
684	1
685	1
686	0
687	0
688	1
689	0
690	2
691	1
692	0
693	2
694	0
695	0
696	2
697	0
698	2
699	0
700	0
701	1
702	0
703	2
704	1
705	0
706	0
707	2
708	2
709	0
710	0
711	0
712	2
713	1
714	2
715	1
716	2
717	1
718	0
719	1
720	1
721	0
722	1
723	1
724	1
725	0
726	2
727	0
728	2
729	1
730	1
731	0
732	0
733	1
734	1
735	0
736	1
737	1
738	2
739	0
740	0
741	0
742	0
743	1
744	0
745	1
746	0
747	1
748	0
749	0
750	0
751	2
752	0
753	0
754	2
755	1
756	0
757	0
758	0
759	2
760	1
761	2
762	0
763	2
764	2
765	2
766	1
767	2
768	0
769	0
770	1
771	0
772	0
773	2
774	2
775	0
776	1
777	2
778	2
779	0
780	0
781	0
782	1
783	0
784	0
785	1
786	0
787	0
788	2
789	0
790	0
791	2
792	1
793	1
794	1
795	1
796	2
797	2
798	1
799	2
800	1
801	2
802	1
803	2
804	0
805	1
806	1
807	0
808	1
809	0
810	0
811	0
812	1
813	2
814	0
815	0
816	1
817	0
818	2
819	1
820	0
821	2
822	0
823	1
824	2
825	0
826	2
827	1
828	0
829	1
830	1
831	0
832	2
833	1
834	0
835	1
836	1
837	0
838	0
839	0
840	0
841	0
842	0
843	0
844	1
845	1
846	2
847	1
848	0
849	2
850	2
851	2
852	0
853	0
854	2
855	2
856	2
857	2
858	1
859	0
860	1
861	1
862	0
863	0
864	1
865	1
866	0
867	0
868	0
869	2
870	2
871	1
872	0
873	2
874	1
875	0
876	2
877	0
878	1
879	1
880	2
881	0
882	0
883	0
884	0
885	0
886	0
887	1
888	0
889	0
890	1
891	1
892	2
893	2
894	0
895	1
896	2
897	0
898	1
899	1
900	0
901	1
902	2
903	0
904	1
905	0
906	0
907	0
908	0
909	2
910	1
911	0
912	0
913	0
914	2
915	0
916	2
917	0
918	0
919	0
920	0
921	1
922	0
923	0
924	0
925	1
926	2
927	1
928	1
929	0
930	1
931	2
932	0
933	0
934	0
935	0
936	1
937	0
938	1
939	1
940	0
941	0
942	2
943	0
944	0
945	0
946	0
947	0
948	0
949	2
950	1
951	0
952	2
953	2
954	2
955	0
956	2
957	0
958	0
959	2
960	2
961	2
962	1
963	0
964	0
965	2
966	2
967	1
968	0
969	1
970	0
971	0
972	1
973	2
974	0
975	2
976	1
977	0
978	2
979	2
980	1
981	0
982	0
983	1
984	0
985	2
986	2
987	0
988	0
989	0
990	2
991	0
992	0
993	1
994	2
995	1
996	2
997	1
998	2
999	2
1000	0
1001	1
1002	2
1003	2
1004	1
1005	0
1006	2
1007	1
1008	2
1009	0
1010	0
1011	0
1012	1
1013	1
1014	2
1015	2
1016	2
1017	2
1018	1
1019	2
1020	0
1021	2
1022	1
1023	0
1024	2
1025	1
1026	2
1027	1
1028	0
1029	0
1030	1
1031	1
1032	2
1033	2
1034	0
1035	1
1036	2
1037	0
1038	2
1039	1
1040	0
1041	2
1042	0
1043	1
1044	1
1045	2
1046	1
1047	0
1048	0
1049	2
1050	2
1051	0
1052	1
1053	0
1054	1
1055	1
1056	0
1057	0
1058	1
1059	1
1060	1
1061	0
1062	0
1063	2
1064	0
1065	2
1066	1
1067	2
1068	1
1069	2
1070	0
1071	2
1072	0
1073	1
1074	0
1075	1
1076	2
1077	1
1078	1
1079	1
1080	1
1081	0
1082	1
1083	1
1084	1
1085	2
1086	2
1087	2
1088	0
1089	2
1090	1
1091	0
1092	0
1093	0
1094	1
1095	0
1096	0
1097	0
1098	2
1099	0
1100	2
1101	1
1102	1
1103	1
1104	1
1105	2
1106	0
1107	1
1108	0
1109	1
1110	2
1111	2
1112	0
1113	0
1114	0
1115	2
1116	2
1117	0
1118	1
1119	1
1120	1
1121	0
1122	1
1123	1
1124	1
1125	0
1126	2
1127	2
1128	0
1129	0
1130	2
1131	1
1132	0
1133	1
1134	1
1135	1
1136	1
1137	1
1138	0
1139	2
1140	0
1141	0
1142	0
1143	0
1144	2
1145	2
1146	1
1147	1
1148	2
1149	0
1150	1
1151	1
1152	1
1153	1
1154	2
1155	1
1156	0
1157	1
1158	0
1159	0
1160	1
1161	2
1162	1
1163	1
1164	0
1165	1
1166	0
1167	0
1168	0
1169	0
1170	1
1171	2
1172	0
1173	0
1174	2
1175	1
1176	0
1177	1
1178	2
1179	0
1180	2
1181	2
1182	2
1183	1
1184	2
1185	1
1186	1
1187	0
1188	0
1189	0
1190	2
1191	0
1192	0
1193	2
1194	0
1195	0
1196	2
1197	2
1198	2
1199	2
1200	1
1201	2
1202	0
1203	1
1204	0
1205	0
1206	0
1207	0
1208	0
1209	0
1210	0
1211	0
1212	0
1213	0
1214	0
1215	0
1216	0
1217	2
1218	2
1219	2
1220	0
1221	0
1222	1
1223	0
1224	0
1225	2
1226	0
1227	0
1228	1
1229	0
1230	1
1231	1
1232	0
1233	0
1234	0
1235	2
1236	0
1237	2
1238	0
1239	0
1240	1
1241	2
1242	0
1243	2
1244	0
1245	0
1246	2
1247	2
1248	0
1249	0
1250	1
1251	0
1252	1
1253	2
1254	2
1255	2
1256	1
1257	0
1258	0
1259	2
1260	0
1261	1
1262	2
1263	2
1264	1
1265	2
1266	0
1267	1
1268	1
1269	1
1270	1
1271	0
1272	1
1273	1
1274	1
1275	2
1276	0
1277	0
1278	1
1279	0
1280	2
1281	2
1282	2
1283	2
1284	0
1285	0
1286	0
1287	0
1288	0
1289	0
1290	1
1291	0
1292	0
1293	0
1294	2
1295	2
1296	2
1297	0
1298	1
1299	1
1300	1
1301	1
1302	2
1303	2
1304	2
1305	1
1306	0
1307	1
1308	0
1309	0
1310	2
1311	2
1312	2
1313	0
1314	2
1315	1
1316	0
1317	1
1318	0
1319	1
1320	0
1321	2
1322	1
1323	2
1324	0
1325	1
1326	2
1327	2
1328	0
1329	0
1330	1
1331	0
1332	2
1333	1
1334	0
1335	1
1336	0
1337	2
1338	2
1339	1
1340	2
1341	1
1342	0
1343	2
1344	0
1345	0
1346	1
1347	0
1348	0
1349	2
1350	1
1351	1
1352	0
1353	0
1354	2
1355	0
1356	2
1357	2
1358	0
1359	1
1360	0
1361	1
1362	1
1363	0
1364	0
1365	0
1366	2
1367	0
1368	0
1369	0
1370	1
1371	1
1372	0
1373	2
1374	1
1375	0
1376	2
1377	1
1378	0
1379	0
1380	2
1381	1
1382	0
1383	1
1384	1
1385	1
1386	1
1387	0
1388	0
1389	0
1390	0
1391	1
1392	2
1393	1
1394	0
1395	2
1396	2
1397	0
1398	0
1399	0
1400	0
1401	0
1402	1
1403	0
1404	1
1405	2
1406	2
1407	0
1408	0
1409	1
1410	1
1411	0
1412	0
1413	2
1414	0
1415	0
1416	1
1417	0
1418	0
1419	1
1420	0
1421	2
1422	2
1423	2
1424	1
1425	1
1426	1
1427	0
1428	1
1429	2
1430	2
1431	0
1432	2
1433	0
1434	2
1435	0
1436	0
1437	2
1438	2
1439	2
1440	1
1441	2
1442	1
1443	2
1444	2
1445	2
1446	0
1447	2
1448	2
1449	1
1450	0
1451	2
1452	1
1453	1
1454	0
1455	2
1456	0
1457	0
1458	0
1459	1
1460	2
1461	0
1462	0
1463	0
1464	0
1465	2
1466	0
1467	1
1468	2
1469	2
1470	0
1471	2
1472	2
1473	2
1474	0
1475	1
1476	1
1477	1
1478	0
1479	2
1480	0
1481	1
1482	0
1483	0
1484	1
1485	0
1486	0
1487	2
1488	2
1489	0
1490	0
1491	2
1492	0
1493	0
1494	0
1495	0
1496	0
1497	2
1498	1
1499	2
1500	0
1501	1
1502	1
1503	0
1504	1
1505	1
1506	1
1507	0
1508	2
1509	1
1510	0
1511	1
1512	1
1513	0
1514	0
1515	0
1516	2
1517	1
1518	2
1519	1
1520	2
1521	1
1522	1
1523	1
1524	0
1525	0
1526	0
1527	1
1528	1
1529	2
1530	0
1531	1
1532	1
1533	0
1534	1
1535	2
1536	1
1537	1
1538	1
1539	0
1540	2
1541	2
1542	0
1543	1
1544	1
1545	0
1546	2
1547	0
1548	0
1549	2
1550	2
1551	0
1552	0
1553	0
1554	2
1555	0
1556	2
1557	1
1558	0
1559	0
1560	1
1561	0
1562	0
1563	1
1564	1
1565	0
1566	1
1567	2
1568	0
1569	1
1570	1
1571	2
1572	2
1573	2
1574	2
1575	2
1576	1
1577	0
1578	2
1579	1
1580	2
1581	0
1582	0
1583	0
1584	2
1585	1
1586	0
1587	0
1588	0
1589	0
1590	2
1591	1
1592	2
1593	0
1594	0
1595	0
1596	0
1597	2
1598	1
1599	2
1600	2
1601	0
1602	1
1603	2
1604	0
1605	1
1606	2
1607	0
1608	1
1609	1
1610	2
1611	0
1612	2
1613	2
1614	2
1615	0
1616	0
1617	2
1618	0
1619	2
1620	1
1621	1
1622	2
1623	0
1624	1
1625	1
1626	0
1627	1
1628	0
1629	1
1630	2
1631	2
1632	1
1633	1
1634	1
1635	0
1636	2
1637	1
1638	2
1639	2
1640	1
1641	1
1642	1
1643	2
1644	0
1645	0
1646	0
1647	0
1648	0
1649	2
1650	2
1651	1
1652	2
1653	2
1654	1
1655	0
1656	1
1657	2
1658	0
1659	1
1660	0
1661	0
1662	2
1663	2
1664	2
1665	0
1666	0
1667	0
1668	2
1669	0
1670	2
1671	1
1672	2
1673	0
1674	2
1675	2
1676	0
1677	1
1678	0
1679	2
1680	0
1681	1
1682	2
1683	0
1684	1
1685	1
1686	0
1687	0
1688	0
1689	0
1690	2
1691	0
1692	0
1693	0
1694	2
1695	2
1696	1
1697	2
1698	0
1699	1
1700	2
1701	1
1702	2
1703	0
1704	0
1705	2
1706	0
1707	1
1708	0
1709	0
1710	0
1711	1
1712	0
1713	1
1714	0
1715	0
1716	0
1717	0
1718	1
1719	0
1720	0
1721	0
1722	0
1723	1
1724	0
1725	1
1726	2
1727	1
1728	1
1729	2
1730	0
1731	1
1732	1
1733	0
1734	1
1735	0
1736	0
1737	0
1738	1
1739	0
1740	1
1741	0
1742	0
1743	0
1744	1
1745	0
1746	0
1747	2
1748	2
1749	2
1750	2
1751	1
1752	2
1753	0
1754	1
1755	0
1756	0
1757	0
1758	2
1759	2
1760	1
1761	2
1762	2
1763	2
1764	0
1765	2
1766	2
1767	2
1768	1
1769	0
1770	1
1771	0
1772	0
1773	0
1774	2
1775	2
1776	1
1777	2
1778	2
1779	2
1780	0
1781	2
1782	2
1783	0
1784	0
1785	2
1786	0
1787	2
1788	2
1789	1
1790	2
1791	1
1792	0
1793	0
1794	1
1795	2
1796	0
1797	2
1798	1
1799	1
1800	2
1801	0
1802	2
1803	2
1804	2
1805	2
1806	0
1807	1
1808	2
1809	1
1810	1
1811	0
1812	2
1813	0
1814	1
1815	1
1816	2
1817	2
1818	0
1819	1
1820	1
1821	0
1822	1
1823	1
1824	2
1825	0
1826	2
1827	0
1828	2
1829	1
1830	0
1831	2
1832	2
1833	1
1834	2
1835	0
1836	2
1837	2
1838	0
1839	0
1840	2
1841	0
1842	0
1843	0
1844	1
1845	0
1846	2
1847	1
1848	2
1849	2
1850	1
1851	2
1852	0
1853	2
1854	0
1855	0
1856	0
1857	0
1858	1
1859	0
1860	1
1861	2
1862	2
1863	0
1864	1
1865	1
1866	2
1867	1
1868	0
1869	2
1870	2
1871	0
1872	0
1873	2
1874	1
1875	1
1876	0
1877	2
1878	1
1879	1
1880	0
1881	0
1882	0
1883	0
1884	1
1885	1
1886	0
1887	2
1888	1
1889	0
1890	1
1891	0
1892	2
1893	1
1894	1
1895	2
1896	2
1897	2
1898	0
1899	0
1900	0
1901	0
1902	2
1903	0
1904	2
1905	2
1906	2
1907	0
1908	1
1909	1
1910	2
1911	0
1912	2
1913	1
1914	0
1915	1
1916	0
1917	1
1918	0
1919	1
1920	0
1921	0
1922	0
1923	0
1924	2
1925	0
1926	2
1927	1
1928	2
1929	2
1930	1
1931	0
1932	1
1933	2
1934	2
1935	1
1936	2
1937	0
1938	0
1939	2
1940	2
1941	2
1942	0
1943	0
1944	0
1945	2
1946	2
1947	2
1948	0
1949	2
1950	0
1951	2
1952	2
1953	0
1954	0
1955	0
1956	2
1957	1
1958	1
1959	0
1960	2
1961	0
1962	2
1963	0
1964	1
1965	1
1966	2
1967	0
1968	0
1969	0
1970	1
1971	1
1972	1
1973	2
1974	0
1975	2
1976	0
1977	2
1978	0
1979	2
1980	0
1981	1
1982	0
1983	2
1984	0
1985	2
1986	0
1987	0
1988	2
1989	2
1990	0
1991	2
1992	2
1993	0
1994	1
1995	1
1996	0
1997	0
1998	0
1999	1
