index	prediction
0	2
1	0
2	2
3	0
4	1
5	1
6	1
7	1
8	2
9	1
10	1
11	0
12	0
13	0
14	1
15	1
16	2
17	1
18	1
19	2
20	1
21	1
22	0
23	1
24	0
25	2
26	2
27	1
28	0
29	1
30	0
31	2
32	1
33	1
34	0
35	0
36	0
37	2
38	2
39	0
40	1
41	1
42	1
43	0
44	2
45	2
46	0
47	2
48	2
49	2
50	1
51	1
52	1
53	0
54	1
55	1
56	1
57	1
58	2
59	1
60	1
61	1
62	0
63	2
64	1
65	1
66	1
67	0
68	0
69	0
70	0
71	1
72	2
73	1
74	1
75	1
76	1
77	0
78	0
79	0
80	2
81	0
82	0
83	0
84	1
85	2
86	0
87	1
88	1
89	2
90	1
91	1
92	2
93	0
94	1
95	1
96	1
97	2
98	0
99	1
100	1
101	2
102	0
103	0
104	1
105	2
106	1
107	0
108	1
109	2
110	2
111	2
112	1
113	0
114	2
115	1
116	2
117	2
118	1
119	2
120	0
121	2
122	2
123	0
124	0
125	0
126	0
127	1
128	0
129	2
130	1
131	0
132	1
133	2
134	2
135	0
136	2
137	0
138	0
139	2
140	2
141	0
142	1
143	1
144	2
145	1
146	0
147	0
148	1
149	0
150	2
151	0
152	2
153	1
154	2
155	1
156	1
157	1
158	1
159	2
160	2
161	2
162	2
163	1
164	1
165	1
166	0
167	0
168	0
169	1
170	0
171	1
172	2
173	1
174	1
175	1
176	2
177	2
178	2
179	2
180	2
181	0
182	0
183	0
184	2
185	2
186	2
187	1
188	0
189	1
190	2
191	2
192	1
193	0
194	0
195	1
196	1
197	2
198	2
199	0
200	2
201	1
202	2
203	0
204	2
205	0
206	1
207	2
208	2
209	2
210	0
211	2
212	2
213	1
214	2
215	1
216	2
217	2
218	1
219	0
220	2
221	2
222	2
223	1
224	1
225	0
226	0
227	1
228	0
229	1
230	1
231	0
232	0
233	1
234	1
235	1
236	1
237	1
238	0
239	2
240	2
241	1
242	1
243	1
244	0
245	1
246	2
247	2
248	1
249	2
250	0
251	2
252	2
253	1
254	0
255	2
256	2
257	0
258	1
259	0
260	2
261	1
262	1
263	0
264	2
265	1
266	1
267	0
268	2
269	1
270	1
271	0
272	1
273	0
274	1
275	2
276	1
277	0
278	0
279	0
280	0
281	2
282	2
283	1
284	2
285	1
286	1
287	1
288	1
289	2
290	1
291	1
292	1
293	1
294	1
295	2
296	1
297	2
298	1
299	2
300	0
301	2
302	1
303	0
304	2
305	0
306	0
307	2
308	1
309	0
310	2
311	2
312	2
313	0
314	1
315	1
316	1
317	0
318	1
319	0
320	2
321	0
322	2
323	2
324	0
325	0
326	1
327	1
328	2
329	0
330	2
331	2
332	0
333	0
334	2
335	0
336	1
337	2
338	2
339	2
340	0
341	2
342	0
343	0
344	1
345	1
346	0
347	0
348	2
349	1
350	1
351	0
352	2
353	1
354	0
355	1
356	2
357	1
358	2
359	0
360	0
361	2
362	2
363	0
364	2
365	0
366	0
367	1
368	2
369	1
370	2
371	0
372	2
373	0
374	1
375	2
376	2
377	2
378	2
379	2
380	1
381	0
382	1
383	2
384	2
385	0
386	0
387	0
388	0
389	2
390	1
391	0
392	1
393	0
394	1
395	0
396	2
397	2
398	1
399	1
400	0
401	2
402	2
403	2
404	0
405	2
406	0
407	0
408	2
409	1
410	0
411	1
412	1
413	1
414	0
415	0
416	2
417	1
418	0
419	2
420	0
421	1
422	2
423	1
424	2
425	1
426	1
427	2
428	0
429	0
430	1
431	2
432	2
433	0
434	2
435	0
436	1
437	2
438	2
439	2
440	1
441	1
442	1
443	2
444	1
445	1
446	1
447	0
448	1
449	0
450	1
451	1
452	2
453	2
454	0
455	0
456	0
457	0
458	1
459	0
460	1
461	1
462	1
463	1
464	1
465	1
466	2
467	2
468	1
469	2
470	1
471	2
472	1
473	1
474	2
475	0
476	1
477	2
478	2
479	2
480	0
481	2
482	1
483	0
484	1
485	0
486	0
487	0
488	2
489	2
490	1
491	2
492	1
493	1
494	2
495	0
496	2
497	0
498	0
499	0
500	1
501	1
502	0
503	0
504	2
505	0
506	1
507	2
508	0
509	2
510	1
511	2
512	0
513	1
514	1
515	1
516	1
517	2
518	0
519	1
520	2
521	0
522	2
523	0
524	1
525	1
526	2
527	1
528	1
529	1
530	2
531	2
532	2
533	2
534	1
535	2
536	0
537	2
538	0
539	0
540	2
541	2
542	0
543	1
544	2
545	0
546	2
547	0
548	2
549	0
550	0
551	1
552	2
553	1
554	1
555	1
556	1
557	1
558	1
559	0
560	2
561	1
562	0
563	1
564	0
565	2
566	0
567	0
568	2
569	0
570	1
571	0
572	0
573	2
574	0
575	0
576	1
577	2
578	2
579	0
580	2
581	2
582	0
583	1
584	0
585	1
586	1
587	2
588	1
589	0
590	0
591	1
592	0
593	1
594	0
595	2
596	0
597	0
598	0
599	1
600	1
601	2
602	2
603	2
604	0
605	0
606	1
607	2
608	0
609	1
610	0
611	1
612	2
613	0
614	0
615	2
616	1
617	0
618	1
619	1
620	2
621	1
622	1
623	2
624	0
625	2
626	0
627	2
628	0
629	2
630	2
631	0
632	1
633	2
634	1
635	2
636	1
637	0
638	1
639	1
640	2
641	1
642	1
643	2
644	2
645	2
646	2
647	0
648	1
649	0
650	2
651	0
652	1
653	1
654	1
655	2
656	2
657	1
658	1
659	1
660	2
661	1
662	0
663	1
664	0
665	2
666	2
667	2
668	0
669	2
670	2
671	2
672	2
673	0
674	2
675	2
676	2
677	1
678	1
679	1
680	2
681	1
682	0
683	2
684	0
685	2
686	2
687	0
688	2
689	0
690	0
691	0
692	0
693	2
694	2
695	0
696	1
697	0
698	1
699	2
700	0
701	1
702	2
703	2
704	1
705	2
706	0
707	0
708	1
709	0
710	2
711	0
712	1
713	2
714	0
715	1
716	1
717	1
718	2
719	1
720	0
721	1
722	1
723	1
724	1
725	2
726	2
727	1
728	1
729	1
730	1
731	2
732	0
733	0
734	0
735	0
736	1
737	2
738	1
739	2
740	1
741	2
742	0
743	1
744	2
745	2
746	0
747	2
748	1
749	2
750	0
751	2
752	0
753	1
754	0
755	1
756	1
757	1
758	1
759	0
760	1
761	2
762	0
763	2
764	0
765	1
766	1
767	2
768	1
769	0
770	0
771	0
772	0
773	1
774	0
775	0
776	1
777	0
778	0
779	0
780	1
781	2
782	1
783	1
784	2
785	1
786	0
787	0
788	2
789	2
790	2
791	1
792	1
793	2
794	1
795	1
796	1
797	1
798	1
799	1
800	1
801	2
802	2
803	1
804	0
805	1
806	1
807	1
808	1
809	0
810	1
811	1
812	1
813	2
814	0
815	2
816	1
817	1
818	1
819	1
820	0
821	2
822	2
823	1
824	1
825	2
826	2
827	1
828	2
829	2
830	2
831	0
832	1
833	1
834	0
835	2
836	1
837	0
838	2
839	2
840	0
841	2
842	2
843	0
844	1
845	1
846	2
847	1
848	1
849	2
850	1
851	2
852	0
853	2
854	0
855	0
856	1
857	0
858	1
859	2
860	0
861	0
862	0
863	0
864	2
865	1
866	0
867	0
868	0
869	0
870	1
871	1
872	2
873	1
874	1
875	0
876	2
877	0
878	0
879	1
880	2
881	2
882	0
883	0
884	0
885	0
886	1
887	0
888	0
889	0
890	1
891	1
892	2
893	1
894	2
895	2
896	0
897	2
898	1
899	0
900	0
901	0
902	0
903	0
904	1
905	1
906	2
907	0
908	1
909	1
910	1
911	0
912	0
913	1
914	1
915	0
916	2
917	1
918	1
919	0
920	1
921	1
922	0
923	1
924	1
925	0
926	1
927	0
928	0
929	1
930	0
931	2
932	0
933	1
934	0
935	1
936	1
937	1
938	0
939	1
940	1
941	1
942	2
943	0
944	0
945	0
946	0
947	0
948	1
949	2
950	1
951	1
952	2
953	1
954	2
955	0
956	2
957	2
958	2
959	2
960	2
961	2
962	2
963	2
964	0
965	2
966	1
967	2
968	1
969	1
970	0
971	2
972	0
973	2
974	0
975	1
976	1
977	0
978	1
979	1
980	1
981	0
982	0
983	1
984	0
985	2
986	2
987	0
988	1
989	0
990	2
991	0
992	2
993	2
994	1
995	1
996	1
997	1
998	0
999	1
1000	1
1001	1
1002	2
1003	2
1004	1
1005	0
1006	2
1007	0
1008	2
1009	1
1010	0
1011	0
1012	1
1013	1
1014	2
1015	1
1016	2
1017	1
1018	1
1019	2
1020	2
1021	1
1022	2
1023	0
1024	1
1025	1
1026	2
1027	1
1028	2
1029	1
1030	1
1031	1
1032	2
1033	2
1034	1
1035	1
1036	1
1037	2
1038	2
1039	1
1040	0
1041	2
1042	1
1043	2
1044	2
1045	2
1046	1
1047	2
1048	0
1049	0
1050	2
1051	1
1052	0
1053	0
1054	1
1055	1
1056	0
1057	2
1058	1
1059	0
1060	1
1061	1
1062	0
1063	2
1064	1
1065	1
1066	1
1067	2
1068	2
1069	1
1070	2
1071	1
1072	0
1073	1
1074	2
1075	1
1076	1
1077	1
1078	2
1079	1
1080	1
1081	1
1082	2
1083	0
1084	1
1085	1
1086	2
1087	2
1088	2
1089	1
1090	2
1091	0
1092	1
1093	0
1094	0
1095	0
1096	1
1097	0
1098	1
1099	2
1100	2
1101	1
1102	0
1103	1
1104	2
1105	2
1106	0
1107	0
1108	1
1109	2
1110	0
1111	2
1112	2
1113	1
1114	0
1115	2
1116	2
1117	0
1118	1
1119	2
1120	1
1121	0
1122	1
1123	1
1124	1
1125	2
1126	2
1127	2
1128	0
1129	1
1130	2
1131	0
1132	0
1133	1
1134	1
1135	1
1136	1
1137	2
1138	2
1139	2
1140	2
1141	1
1142	1
1143	1
1144	1
1145	2
1146	1
1147	1
1148	1
1149	1
1150	1
1151	0
1152	1
1153	0
1154	2
1155	2
1156	1
1157	1
1158	1
1159	0
1160	1
1161	2
1162	2
1163	1
1164	0
1165	1
1166	1
1167	1
1168	0
1169	1
1170	1
1171	2
1172	0
1173	0
1174	1
1175	1
1176	0
1177	1
1178	2
1179	1
1180	2
1181	0
1182	2
1183	2
1184	1
1185	1
1186	2
1187	0
1188	0
1189	1
1190	2
1191	0
1192	0
1193	2
1194	2
1195	0
1196	2
1197	2
1198	2
1199	2
1200	1
1201	2
1202	2
1203	2
1204	1
1205	0
1206	1
1207	0
1208	2
1209	0
1210	1
1211	2
1212	0
1213	1
1214	2
1215	1
1216	1
1217	2
1218	1
1219	0
1220	1
1221	1
1222	1
1223	1
1224	0
1225	2
1226	0
1227	1
1228	1
1229	0
1230	0
1231	1
1232	2
1233	0
1234	1
1235	1
1236	0
1237	2
1238	0
1239	0
1240	1
1241	1
1242	0
1243	2
1244	2
1245	0
1246	0
1247	2
1248	1
1249	1
1250	1
1251	0
1252	1
1253	2
1254	2
1255	2
1256	1
1257	1
1258	1
1259	0
1260	0
1261	0
1262	0
1263	1
1264	1
1265	2
1266	2
1267	2
1268	1
1269	1
1270	1
1271	1
1272	1
1273	0
1274	1
1275	0
1276	2
1277	2
1278	1
1279	0
1280	2
1281	0
1282	0
1283	2
1284	1
1285	1
1286	0
1287	1
1288	0
1289	1
1290	1
1291	2
1292	0
1293	1
1294	2
1295	1
1296	1
1297	1
1298	1
1299	1
1300	0
1301	0
1302	1
1303	2
1304	1
1305	1
1306	0
1307	1
1308	1
1309	0
1310	1
1311	2
1312	2
1313	0
1314	1
1315	1
1316	1
1317	2
1318	2
1319	2
1320	0
1321	2
1322	1
1323	2
1324	0
1325	1
1326	1
1327	1
1328	1
1329	1
1330	2
1331	0
1332	2
1333	0
1334	1
1335	2
1336	1
1337	2
1338	1
1339	1
1340	2
1341	1
1342	0
1343	1
1344	0
1345	1
1346	2
1347	0
1348	2
1349	2
1350	1
1351	1
1352	0
1353	0
1354	1
1355	0
1356	2
1357	1
1358	0
1359	1
1360	0
1361	2
1362	2
1363	0
1364	2
1365	0
1366	0
1367	2
1368	0
1369	1
1370	1
1371	2
1372	2
1373	1
1374	1
1375	0
1376	1
1377	2
1378	0
1379	1
1380	1
1381	1
1382	0
1383	1
1384	2
1385	1
1386	2
1387	0
1388	2
1389	0
1390	2
1391	1
1392	2
1393	1
1394	0
1395	2
1396	1
1397	2
1398	2
1399	1
1400	1
1401	1
1402	1
1403	0
1404	1
1405	2
1406	0
1407	1
1408	2
1409	2
1410	0
1411	2
1412	0
1413	1
1414	0
1415	1
1416	2
1417	0
1418	0
1419	1
1420	2
1421	1
1422	0
1423	1
1424	2
1425	0
1426	1
1427	1
1428	1
1429	0
1430	1
1431	0
1432	2
1433	0
1434	0
1435	0
1436	0
1437	0
1438	1
1439	2
1440	2
1441	2
1442	2
1443	0
1444	2
1445	2
1446	0
1447	2
1448	2
1449	0
1450	0
1451	2
1452	2
1453	0
1454	0
1455	1
1456	1
1457	0
1458	2
1459	2
1460	0
1461	1
1462	0
1463	1
1464	1
1465	2
1466	1
1467	1
1468	1
1469	0
1470	0
1471	1
1472	0
1473	2
1474	2
1475	1
1476	1
1477	1
1478	2
1479	0
1480	1
1481	2
1482	0
1483	0
1484	1
1485	1
1486	0
1487	0
1488	1
1489	1
1490	1
1491	1
1492	0
1493	0
1494	0
1495	0
1496	2
1497	0
1498	1
1499	1
1500	1
1501	1
1502	1
1503	2
1504	1
1505	1
1506	1
1507	0
1508	2
1509	0
1510	0
1511	1
1512	1
1513	2
1514	0
1515	1
1516	1
1517	1
1518	2
1519	0
1520	2
1521	1
1522	2
1523	1
1524	0
1525	1
1526	1
1527	1
1528	1
1529	0
1530	1
1531	0
1532	2
1533	0
1534	0
1535	2
1536	1
1537	2
1538	0
1539	2
1540	2
1541	2
1542	2
1543	0
1544	1
1545	0
1546	1
1547	0
1548	1
1549	2
1550	2
1551	0
1552	0
1553	2
1554	2
1555	1
1556	2
1557	2
1558	0
1559	2
1560	0
1561	1
1562	2
1563	1
1564	1
1565	0
1566	1
1567	2
1568	1
1569	2
1570	1
1571	2
1572	1
1573	1
1574	2
1575	0
1576	2
1577	0
1578	1
1579	1
1580	2
1581	0
1582	0
1583	2
1584	1
1585	0
1586	0
1587	0
1588	0
1589	1
1590	2
1591	1
1592	1
1593	0
1594	0
1595	0
1596	2
1597	0
1598	1
1599	2
1600	2
1601	0
1602	1
1603	2
1604	0
1605	1
1606	0
1607	0
1608	1
1609	2
1610	2
1611	2
1612	2
1613	2
1614	2
1615	1
1616	1
1617	1
1618	0
1619	0
1620	2
1621	2
1622	2
1623	0
1624	1
1625	2
1626	1
1627	0
1628	1
1629	1
1630	1
1631	0
1632	0
1633	1
1634	1
1635	0
1636	0
1637	2
1638	1
1639	2
1640	1
1641	0
1642	1
1643	1
1644	2
1645	1
1646	0
1647	1
1648	1
1649	2
1650	2
1651	0
1652	0
1653	2
1654	1
1655	1
1656	0
1657	2
1658	0
1659	0
1660	2
1661	1
1662	2
1663	2
1664	0
1665	0
1666	0
1667	1
1668	2
1669	1
1670	1
1671	1
1672	2
1673	0
1674	2
1675	2
1676	1
1677	1
1678	0
1679	2
1680	0
1681	1
1682	1
1683	2
1684	1
1685	0
1686	0
1687	0
1688	0
1689	1
1690	2
1691	0
1692	0
1693	0
1694	1
1695	2
1696	1
1697	2
1698	2
1699	1
1700	2
1701	1
1702	2
1703	1
1704	2
1705	2
1706	2
1707	1
1708	1
1709	0
1710	1
1711	1
1712	1
1713	2
1714	0
1715	0
1716	1
1717	1
1718	1
1719	0
1720	0
1721	0
1722	2
1723	0
1724	2
1725	2
1726	2
1727	2
1728	0
1729	2
1730	0
1731	2
1732	2
1733	0
1734	1
1735	1
1736	0
1737	2
1738	0
1739	2
1740	0
1741	0
1742	0
1743	0
1744	1
1745	0
1746	1
1747	0
1748	2
1749	2
1750	0
1751	1
1752	1
1753	0
1754	2
1755	0
1756	2
1757	0
1758	2
1759	1
1760	1
1761	2
1762	2
1763	1
1764	1
1765	2
1766	0
1767	2
1768	1
1769	1
1770	1
1771	1
1772	0
1773	2
1774	2
1775	0
1776	1
1777	0
1778	1
1779	1
1780	0
1781	0
1782	2
1783	0
1784	0
1785	1
1786	1
1787	2
1788	2
1789	1
1790	0
1791	1
1792	1
1793	2
1794	1
1795	0
1796	0
1797	2
1798	1
1799	1
1800	1
1801	0
1802	1
1803	2
1804	2
1805	2
1806	2
1807	1
1808	1
1809	2
1810	1
1811	0
1812	2
1813	0
1814	2
1815	1
1816	0
1817	2
1818	0
1819	1
1820	1
1821	1
1822	0
1823	0
1824	1
1825	0
1826	1
1827	0
1828	0
1829	2
1830	0
1831	0
1832	2
1833	1
1834	1
1835	0
1836	2
1837	2
1838	1
1839	1
1840	2
1841	0
1842	0
1843	1
1844	1
1845	1
1846	2
1847	1
1848	0
1849	2
1850	2
1851	2
1852	1
1853	1
1854	0
1855	0
1856	0
1857	0
1858	1
1859	1
1860	1
1861	1
1862	2
1863	1
1864	2
1865	1
1866	2
1867	1
1868	0
1869	2
1870	0
1871	0
1872	1
1873	2
1874	1
1875	1
1876	0
1877	2
1878	0
1879	2
1880	1
1881	0
1882	2
1883	0
1884	2
1885	2
1886	2
1887	1
1888	1
1889	0
1890	1
1891	0
1892	1
1893	1
1894	1
1895	1
1896	2
1897	0
1898	2
1899	0
1900	0
1901	1
1902	0
1903	0
1904	2
1905	2
1906	1
1907	1
1908	1
1909	1
1910	1
1911	1
1912	0
1913	1
1914	0
1915	1
1916	1
1917	0
1918	0
1919	1
1920	0
1921	0
1922	1
1923	0
1924	2
1925	0
1926	2
1927	1
1928	0
1929	1
1930	1
1931	1
1932	1
1933	2
1934	0
1935	0
1936	2
1937	0
1938	2
1939	0
1940	0
1941	2
1942	2
1943	1
1944	1
1945	1
1946	2
1947	2
1948	1
1949	0
1950	2
1951	0
1952	1
1953	0
1954	1
1955	1
1956	2
1957	1
1958	1
1959	1
1960	2
1961	1
1962	1
1963	0
1964	1
1965	1
1966	0
1967	0
1968	0
1969	0
1970	2
1971	1
1972	2
1973	2
1974	0
1975	2
1976	0
1977	0
1978	0
1979	2
1980	0
1981	0
1982	0
1983	1
1984	1
1985	1
1986	1
1987	1
1988	2
1989	2
1990	1
1991	2
1992	1
1993	0
1994	0
1995	1
1996	0
1997	1
1998	0
1999	1
