index	prediction
0	1
1	1
2	1
3	0
4	1
5	2
6	0
7	0
8	1
9	2
10	0
11	1
12	0
13	2
14	0
15	2
16	2
17	1
18	0
19	2
20	2
21	0
22	0
23	1
24	0
25	2
26	2
27	0
28	0
29	1
30	0
31	2
32	1
33	1
34	0
35	0
36	0
37	2
38	1
39	0
40	0
41	2
42	0
43	0
44	2
45	2
46	2
47	2
48	2
49	0
50	1
51	1
52	1
53	1
54	2
55	2
56	1
57	1
58	2
59	1
60	0
61	2
62	1
63	2
64	1
65	2
66	1
67	0
68	2
69	0
70	0
71	1
72	2
73	2
74	1
75	1
76	2
77	1
78	0
79	1
80	0
81	1
82	2
83	1
84	1
85	2
86	2
87	0
88	1
89	0
90	2
91	2
92	2
93	0
94	1
95	1
96	1
97	2
98	0
99	2
100	2
101	1
102	1
103	1
104	0
105	2
106	0
107	0
108	2
109	1
110	2
111	0
112	1
113	2
114	0
115	2
116	2
117	1
118	2
119	2
120	2
121	2
122	2
123	2
124	0
125	2
126	0
127	1
128	1
129	2
130	0
131	1
132	1
133	2
134	2
135	0
136	1
137	0
138	1
139	2
140	2
141	0
142	1
143	1
144	2
145	1
146	0
147	2
148	2
149	1
150	2
151	1
152	2
153	0
154	2
155	1
156	1
157	0
158	2
159	0
160	1
161	2
162	2
163	1
164	1
165	1
166	1
167	0
168	0
169	2
170	0
171	2
172	0
173	1
174	1
175	0
176	2
177	2
178	2
179	1
180	2
181	2
182	0
183	2
184	2
185	1
186	2
187	1
188	0
189	1
190	2
191	2
192	1
193	0
194	1
195	1
196	1
197	0
198	1
199	1
200	2
201	2
202	2
203	2
204	2
205	2
206	1
207	2
208	0
209	0
210	0
211	2
212	1
213	2
214	2
215	1
216	0
217	0
218	2
219	0
220	2
221	2
222	1
223	1
224	0
225	2
226	0
227	1
228	0
229	2
230	1
231	1
232	1
233	2
234	2
235	1
236	1
237	1
238	0
239	1
240	0
241	1
242	1
243	1
244	2
245	2
246	2
247	1
248	1
249	0
250	1
251	1
252	0
253	1
254	0
255	2
256	1
257	0
258	1
259	0
260	2
261	2
262	1
263	0
264	1
265	0
266	1
267	1
268	0
269	1
270	1
271	2
272	1
273	2
274	1
275	0
276	0
277	0
278	1
279	2
280	0
281	0
282	2
283	2
284	0
285	0
286	1
287	1
288	1
289	2
290	1
291	1
292	2
293	0
294	1
295	2
296	1
297	2
298	1
299	0
300	0
301	0
302	1
303	1
304	0
305	0
306	2
307	2
308	0
309	0
310	2
311	2
312	2
313	0
314	1
315	1
316	0
317	2
318	2
319	0
320	2
321	1
322	1
323	2
324	1
325	2
326	1
327	2
328	2
329	2
330	2
331	2
332	0
333	2
334	2
335	0
336	0
337	2
338	2
339	1
340	1
341	1
342	2
343	0
344	0
345	2
346	1
347	0
348	0
349	1
350	1
351	1
352	2
353	1
354	0
355	1
356	1
357	1
358	0
359	0
360	2
361	2
362	2
363	0
364	2
365	2
366	1
367	2
368	1
369	0
370	2
371	0
372	2
373	2
374	1
375	2
376	1
377	1
378	2
379	2
380	0
381	0
382	2
383	2
384	2
385	0
386	0
387	0
388	0
389	2
390	2
391	2
392	1
393	0
394	0
395	2
396	0
397	2
398	1
399	2
400	0
401	2
402	2
403	2
404	2
405	0
406	2
407	0
408	1
409	1
410	0
411	1
412	1
413	0
414	1
415	0
416	1
417	1
418	0
419	1
420	0
421	1
422	1
423	1
424	2
425	0
426	1
427	2
428	0
429	0
430	1
431	1
432	1
433	0
434	1
435	0
436	1
437	2
438	2
439	2
440	1
441	1
442	1
443	1
444	1
445	0
446	1
447	0
448	1
449	1
450	0
451	1
452	1
453	0
454	0
455	1
456	1
457	0
458	2
459	2
460	2
461	0
462	1
463	1
464	1
465	1
466	1
467	2
468	2
469	2
470	1
471	0
472	1
473	1
474	2
475	1
476	0
477	0
478	2
479	2
480	1
481	2
482	1
483	2
484	0
485	0
486	0
487	2
488	1
489	2
490	1
491	2
492	1
493	1
494	1
495	0
496	2
497	0
498	0
499	0
500	1
501	1
502	2
503	0
504	2
505	2
506	0
507	2
508	0
509	2
510	0
511	2
512	0
513	1
514	1
515	2
516	1
517	2
518	0
519	2
520	1
521	0
522	1
523	0
524	0
525	2
526	1
527	2
528	2
529	1
530	2
531	1
532	2
533	0
534	0
535	2
536	0
537	1
538	0
539	0
540	0
541	2
542	1
543	1
544	0
545	0
546	1
547	0
548	1
549	1
550	2
551	1
552	1
553	1
554	1
555	2
556	1
557	2
558	1
559	2
560	2
561	0
562	1
563	1
564	1
565	1
566	1
567	0
568	2
569	0
570	0
571	0
572	1
573	1
574	2
575	0
576	1
577	0
578	2
579	2
580	0
581	1
582	0
583	1
584	0
585	2
586	1
587	2
588	0
589	2
590	0
591	2
592	1
593	0
594	2
595	2
596	0
597	0
598	0
599	1
600	0
601	2
602	1
603	1
604	2
605	1
606	1
607	2
608	0
609	0
610	0
611	1
612	2
613	0
614	0
615	2
616	2
617	1
618	0
619	0
620	1
621	1
622	0
623	1
624	0
625	2
626	2
627	0
628	0
629	1
630	1
631	0
632	2
633	1
634	1
635	1
636	2
637	0
638	1
639	0
640	0
641	2
642	0
643	1
644	2
645	1
646	2
647	0
648	1
649	0
650	2
651	1
652	1
653	1
654	1
655	1
656	2
657	1
658	0
659	0
660	1
661	1
662	0
663	2
664	0
665	2
666	2
667	1
668	0
669	1
670	2
671	0
672	2
673	0
674	0
675	2
676	0
677	2
678	2
679	1
680	1
681	2
682	0
683	1
684	1
685	2
686	0
687	2
688	2
689	0
690	2
691	0
692	2
693	1
694	0
695	0
696	2
697	2
698	2
699	0
700	2
701	1
702	0
703	1
704	1
705	2
706	0
707	2
708	2
709	0
710	1
711	0
712	2
713	2
714	2
715	2
716	1
717	1
718	2
719	1
720	1
721	0
722	1
723	1
724	2
725	1
726	2
727	0
728	2
729	1
730	1
731	2
732	0
733	0
734	2
735	2
736	1
737	2
738	2
739	2
740	1
741	0
742	0
743	1
744	1
745	0
746	0
747	1
748	0
749	2
750	1
751	2
752	0
753	0
754	1
755	1
756	0
757	0
758	1
759	2
760	1
761	0
762	0
763	2
764	2
765	2
766	1
767	2
768	0
769	2
770	0
771	2
772	0
773	2
774	1
775	0
776	0
777	2
778	1
779	0
780	0
781	2
782	1
783	0
784	0
785	1
786	0
787	0
788	2
789	0
790	2
791	1
792	1
793	0
794	1
795	2
796	1
797	1
798	1
799	2
800	1
801	0
802	1
803	2
804	0
805	1
806	1
807	1
808	1
809	0
810	0
811	1
812	1
813	2
814	0
815	2
816	0
817	0
818	1
819	0
820	0
821	2
822	0
823	1
824	1
825	0
826	0
827	1
828	0
829	1
830	1
831	0
832	1
833	1
834	1
835	1
836	1
837	0
838	0
839	0
840	1
841	0
842	1
843	0
844	1
845	1
846	2
847	1
848	0
849	2
850	1
851	2
852	0
853	1
854	1
855	1
856	1
857	2
858	1
859	0
860	1
861	0
862	0
863	0
864	0
865	1
866	0
867	0
868	0
869	0
870	2
871	1
872	0
873	1
874	1
875	0
876	2
877	1
878	1
879	1
880	2
881	0
882	0
883	0
884	0
885	0
886	0
887	1
888	0
889	1
890	1
891	1
892	2
893	2
894	2
895	1
896	0
897	0
898	1
899	1
900	0
901	0
902	0
903	0
904	2
905	1
906	0
907	1
908	1
909	0
910	1
911	0
912	0
913	2
914	1
915	0
916	2
917	2
918	0
919	0
920	0
921	1
922	0
923	0
924	0
925	0
926	2
927	1
928	0
929	0
930	1
931	2
932	2
933	0
934	0
935	1
936	1
937	0
938	2
939	0
940	0
941	1
942	1
943	0
944	1
945	2
946	0
947	0
948	2
949	2
950	1
951	1
952	2
953	2
954	2
955	0
956	2
957	2
958	2
959	2
960	2
961	0
962	2
963	2
964	2
965	2
966	1
967	0
968	0
969	1
970	2
971	0
972	1
973	2
974	2
975	1
976	1
977	1
978	2
979	2
980	1
981	0
982	0
983	2
984	2
985	2
986	2
987	0
988	0
989	0
990	2
991	1
992	1
993	2
994	1
995	1
996	1
997	1
998	1
999	2
1000	1
1001	1
1002	1
1003	1
1004	0
1005	0
1006	2
1007	2
1008	1
1009	0
1010	0
1011	2
1012	1
1013	2
1014	2
1015	1
1016	2
1017	0
1018	1
1019	2
1020	1
1021	2
1022	0
1023	0
1024	1
1025	1
1026	2
1027	1
1028	2
1029	1
1030	1
1031	0
1032	2
1033	2
1034	1
1035	1
1036	2
1037	1
1038	2
1039	1
1040	0
1041	1
1042	0
1043	1
1044	1
1045	2
1046	1
1047	1
1048	0
1049	2
1050	2
1051	0
1052	0
1053	0
1054	1
1055	1
1056	0
1057	0
1058	1
1059	1
1060	1
1061	1
1062	0
1063	2
1064	0
1065	1
1066	1
1067	1
1068	2
1069	1
1070	0
1071	2
1072	0
1073	1
1074	1
1075	1
1076	1
1077	1
1078	1
1079	1
1080	1
1081	0
1082	2
1083	1
1084	2
1085	0
1086	2
1087	2
1088	1
1089	2
1090	1
1091	0
1092	0
1093	1
1094	2
1095	0
1096	0
1097	0
1098	2
1099	0
1100	2
1101	1
1102	1
1103	1
1104	1
1105	2
1106	0
1107	0
1108	1
1109	0
1110	0
1111	2
1112	2
1113	0
1114	0
1115	1
1116	2
1117	1
1118	1
1119	2
1120	1
1121	0
1122	1
1123	1
1124	1
1125	2
1126	0
1127	0
1128	2
1129	1
1130	2
1131	1
1132	0
1133	1
1134	1
1135	1
1136	1
1137	1
1138	0
1139	2
1140	1
1141	1
1142	0
1143	0
1144	1
1145	2
1146	1
1147	1
1148	2
1149	0
1150	1
1151	1
1152	1
1153	1
1154	2
1155	1
1156	1
1157	1
1158	1
1159	0
1160	1
1161	0
1162	2
1163	1
1164	0
1165	1
1166	0
1167	0
1168	1
1169	0
1170	1
1171	2
1172	0
1173	0
1174	2
1175	0
1176	0
1177	2
1178	0
1179	0
1180	2
1181	0
1182	1
1183	1
1184	2
1185	1
1186	1
1187	0
1188	2
1189	2
1190	2
1191	0
1192	0
1193	2
1194	0
1195	0
1196	2
1197	1
1198	0
1199	2
1200	1
1201	2
1202	0
1203	2
1204	1
1205	0
1206	1
1207	0
1208	0
1209	0
1210	0
1211	2
1212	0
1213	0
1214	2
1215	2
1216	0
1217	2
1218	2
1219	2
1220	0
1221	2
1222	2
1223	0
1224	0
1225	2
1226	0
1227	1
1228	1
1229	0
1230	2
1231	1
1232	0
1233	0
1234	0
1235	1
1236	0
1237	2
1238	1
1239	0
1240	1
1241	0
1242	0
1243	2
1244	0
1245	0
1246	2
1247	2
1248	1
1249	1
1250	0
1251	0
1252	1
1253	1
1254	2
1255	2
1256	1
1257	2
1258	1
1259	2
1260	0
1261	1
1262	0
1263	0
1264	1
1265	0
1266	0
1267	2
1268	1
1269	0
1270	1
1271	0
1272	0
1273	1
1274	1
1275	0
1276	0
1277	2
1278	1
1279	2
1280	2
1281	0
1282	0
1283	2
1284	2
1285	1
1286	0
1287	2
1288	0
1289	1
1290	1
1291	0
1292	0
1293	1
1294	2
1295	1
1296	2
1297	1
1298	1
1299	1
1300	1
1301	1
1302	2
1303	2
1304	2
1305	1
1306	0
1307	1
1308	1
1309	0
1310	1
1311	2
1312	2
1313	0
1314	2
1315	1
1316	0
1317	1
1318	1
1319	1
1320	0
1321	2
1322	1
1323	1
1324	0
1325	1
1326	2
1327	2
1328	0
1329	1
1330	2
1331	0
1332	2
1333	0
1334	0
1335	1
1336	1
1337	1
1338	1
1339	1
1340	0
1341	1
1342	1
1343	0
1344	0
1345	1
1346	1
1347	0
1348	1
1349	2
1350	2
1351	1
1352	0
1353	0
1354	1
1355	0
1356	0
1357	1
1358	0
1359	0
1360	0
1361	2
1362	1
1363	0
1364	2
1365	0
1366	1
1367	2
1368	0
1369	2
1370	1
1371	2
1372	0
1373	2
1374	2
1375	0
1376	2
1377	1
1378	0
1379	0
1380	2
1381	1
1382	0
1383	1
1384	2
1385	1
1386	1
1387	0
1388	0
1389	0
1390	2
1391	1
1392	1
1393	0
1394	0
1395	2
1396	2
1397	0
1398	0
1399	0
1400	0
1401	0
1402	1
1403	0
1404	1
1405	2
1406	0
1407	1
1408	2
1409	1
1410	1
1411	0
1412	0
1413	2
1414	1
1415	0
1416	2
1417	2
1418	2
1419	1
1420	0
1421	0
1422	2
1423	2
1424	2
1425	2
1426	0
1427	0
1428	1
1429	1
1430	0
1431	0
1432	1
1433	1
1434	2
1435	0
1436	0
1437	2
1438	2
1439	1
1440	1
1441	2
1442	1
1443	1
1444	2
1445	2
1446	0
1447	2
1448	2
1449	1
1450	0
1451	2
1452	1
1453	1
1454	0
1455	0
1456	1
1457	0
1458	2
1459	1
1460	0
1461	1
1462	0
1463	2
1464	1
1465	2
1466	0
1467	1
1468	1
1469	1
1470	0
1471	1
1472	2
1473	2
1474	1
1475	1
1476	1
1477	1
1478	0
1479	0
1480	2
1481	1
1482	2
1483	0
1484	1
1485	1
1486	0
1487	1
1488	0
1489	1
1490	1
1491	2
1492	0
1493	0
1494	0
1495	1
1496	0
1497	0
1498	0
1499	1
1500	0
1501	1
1502	1
1503	0
1504	2
1505	1
1506	2
1507	0
1508	1
1509	1
1510	0
1511	1
1512	0
1513	0
1514	2
1515	0
1516	2
1517	1
1518	2
1519	1
1520	0
1521	0
1522	1
1523	1
1524	0
1525	0
1526	0
1527	2
1528	1
1529	2
1530	1
1531	1
1532	2
1533	1
1534	0
1535	2
1536	0
1537	2
1538	1
1539	2
1540	2
1541	2
1542	1
1543	1
1544	2
1545	2
1546	1
1547	0
1548	0
1549	2
1550	2
1551	2
1552	0
1553	1
1554	2
1555	0
1556	2
1557	1
1558	1
1559	2
1560	1
1561	1
1562	2
1563	1
1564	1
1565	2
1566	1
1567	2
1568	0
1569	2
1570	1
1571	2
1572	2
1573	2
1574	2
1575	2
1576	1
1577	0
1578	1
1579	1
1580	0
1581	0
1582	0
1583	1
1584	2
1585	2
1586	0
1587	0
1588	0
1589	1
1590	2
1591	1
1592	0
1593	0
1594	0
1595	0
1596	0
1597	0
1598	0
1599	2
1600	2
1601	2
1602	0
1603	2
1604	0
1605	1
1606	0
1607	0
1608	1
1609	1
1610	0
1611	0
1612	2
1613	1
1614	2
1615	0
1616	1
1617	2
1618	0
1619	0
1620	1
1621	2
1622	2
1623	2
1624	1
1625	1
1626	2
1627	1
1628	0
1629	0
1630	1
1631	0
1632	1
1633	1
1634	1
1635	0
1636	1
1637	1
1638	1
1639	1
1640	2
1641	0
1642	2
1643	1
1644	1
1645	1
1646	2
1647	1
1648	2
1649	2
1650	2
1651	1
1652	1
1653	2
1654	1
1655	1
1656	2
1657	2
1658	2
1659	0
1660	1
1661	0
1662	0
1663	2
1664	2
1665	0
1666	0
1667	2
1668	2
1669	1
1670	0
1671	1
1672	2
1673	0
1674	2
1675	2
1676	2
1677	1
1678	0
1679	2
1680	0
1681	1
1682	1
1683	2
1684	1
1685	2
1686	0
1687	0
1688	2
1689	1
1690	2
1691	1
1692	1
1693	1
1694	1
1695	1
1696	1
1697	0
1698	2
1699	1
1700	2
1701	1
1702	2
1703	2
1704	1
1705	2
1706	1
1707	1
1708	0
1709	0
1710	0
1711	1
1712	2
1713	1
1714	0
1715	1
1716	1
1717	1
1718	2
1719	0
1720	2
1721	0
1722	2
1723	1
1724	0
1725	0
1726	2
1727	1
1728	1
1729	2
1730	0
1731	2
1732	2
1733	0
1734	1
1735	0
1736	0
1737	2
1738	0
1739	0
1740	2
1741	0
1742	0
1743	0
1744	2
1745	1
1746	0
1747	1
1748	2
1749	2
1750	2
1751	1
1752	1
1753	0
1754	1
1755	0
1756	0
1757	0
1758	0
1759	2
1760	1
1761	2
1762	2
1763	2
1764	0
1765	2
1766	2
1767	2
1768	1
1769	1
1770	2
1771	0
1772	0
1773	1
1774	2
1775	0
1776	1
1777	2
1778	2
1779	1
1780	1
1781	0
1782	2
1783	0
1784	0
1785	2
1786	0
1787	2
1788	2
1789	1
1790	0
1791	1
1792	1
1793	2
1794	1
1795	2
1796	0
1797	2
1798	0
1799	1
1800	2
1801	0
1802	2
1803	2
1804	2
1805	2
1806	2
1807	1
1808	1
1809	0
1810	2
1811	0
1812	2
1813	2
1814	1
1815	1
1816	2
1817	2
1818	0
1819	2
1820	1
1821	0
1822	1
1823	1
1824	2
1825	0
1826	1
1827	0
1828	2
1829	2
1830	0
1831	2
1832	2
1833	1
1834	1
1835	0
1836	0
1837	1
1838	0
1839	1
1840	2
1841	2
1842	0
1843	0
1844	1
1845	0
1846	2
1847	1
1848	2
1849	2
1850	2
1851	2
1852	0
1853	0
1854	0
1855	1
1856	0
1857	2
1858	1
1859	0
1860	2
1861	1
1862	2
1863	0
1864	2
1865	1
1866	2
1867	1
1868	0
1869	2
1870	2
1871	0
1872	0
1873	2
1874	1
1875	1
1876	0
1877	2
1878	1
1879	1
1880	0
1881	0
1882	0
1883	0
1884	1
1885	1
1886	0
1887	2
1888	1
1889	0
1890	1
1891	1
1892	2
1893	1
1894	0
1895	1
1896	2
1897	2
1898	0
1899	1
1900	2
1901	2
1902	2
1903	0
1904	2
1905	2
1906	0
1907	0
1908	1
1909	2
1910	2
1911	0
1912	2
1913	1
1914	0
1915	1
1916	2
1917	1
1918	0
1919	1
1920	1
1921	0
1922	0
1923	0
1924	0
1925	0
1926	0
1927	2
1928	0
1929	2
1930	0
1931	1
1932	1
1933	2
1934	2
1935	1
1936	2
1937	0
1938	2
1939	2
1940	1
1941	2
1942	0
1943	0
1944	1
1945	1
1946	2
1947	2
1948	2
1949	0
1950	0
1951	0
1952	1
1953	1
1954	0
1955	2
1956	2
1957	1
1958	1
1959	1
1960	1
1961	2
1962	0
1963	0
1964	1
1965	1
1966	2
1967	0
1968	0
1969	0
1970	2
1971	2
1972	0
1973	2
1974	0
1975	2
1976	0
1977	2
1978	0
1979	2
1980	0
1981	1
1982	0
1983	1
1984	0
1985	2
1986	0
1987	1
1988	2
1989	1
1990	1
1991	2
1992	2
1993	0
1994	1
1995	1
1996	0
1997	0
1998	0
1999	0
