index	prediction
0	1
1	1
2	0
3	1
4	1
5	0
6	1
7	1
8	2
9	0
10	2
11	2
12	0
13	2
14	1
15	2
16	0
17	1
18	0
19	2
20	1
21	0
22	0
23	1
24	0
25	2
26	2
27	1
28	1
29	0
30	0
31	2
32	1
33	2
34	1
35	0
36	0
37	2
38	2
39	0
40	1
41	2
42	1
43	0
44	2
45	2
46	1
47	2
48	2
49	1
50	0
51	1
52	1
53	1
54	1
55	1
56	1
57	1
58	2
59	1
60	0
61	1
62	1
63	2
64	1
65	1
66	0
67	0
68	1
69	0
70	1
71	1
72	1
73	2
74	0
75	2
76	1
77	2
78	0
79	2
80	2
81	0
82	2
83	0
84	1
85	2
86	1
87	1
88	2
89	0
90	1
91	1
92	1
93	1
94	1
95	1
96	1
97	2
98	0
99	1
100	1
101	2
102	1
103	1
104	0
105	2
106	1
107	0
108	2
109	2
110	2
111	2
112	1
113	2
114	2
115	0
116	2
117	1
118	1
119	2
120	0
121	2
122	2
123	0
124	1
125	0
126	1
127	1
128	1
129	2
130	0
131	0
132	1
133	2
134	2
135	0
136	0
137	0
138	1
139	1
140	2
141	0
142	1
143	1
144	2
145	1
146	0
147	0
148	2
149	1
150	2
151	1
152	2
153	1
154	1
155	0
156	1
157	0
158	0
159	2
160	2
161	0
162	2
163	1
164	1
165	1
166	0
167	0
168	0
169	2
170	0
171	1
172	2
173	1
174	1
175	0
176	2
177	1
178	2
179	2
180	2
181	0
182	0
183	1
184	1
185	1
186	2
187	1
188	0
189	1
190	2
191	2
192	1
193	1
194	2
195	1
196	1
197	2
198	2
199	0
200	1
201	1
202	2
203	0
204	2
205	0
206	1
207	2
208	2
209	2
210	2
211	2
212	1
213	1
214	2
215	1
216	1
217	2
218	0
219	0
220	2
221	1
222	1
223	1
224	1
225	0
226	0
227	1
228	0
229	1
230	1
231	2
232	1
233	1
234	1
235	1
236	1
237	1
238	1
239	0
240	2
241	1
242	0
243	1
244	0
245	1
246	2
247	1
248	1
249	1
250	0
251	2
252	0
253	1
254	1
255	1
256	2
257	0
258	1
259	0
260	2
261	1
262	1
263	0
264	1
265	2
266	1
267	1
268	1
269	1
270	1
271	2
272	2
273	0
274	1
275	2
276	2
277	0
278	1
279	1
280	0
281	0
282	2
283	2
284	2
285	1
286	1
287	1
288	1
289	1
290	1
291	1
292	0
293	1
294	1
295	2
296	0
297	2
298	1
299	2
300	1
301	1
302	0
303	0
304	2
305	0
306	1
307	2
308	1
309	0
310	2
311	1
312	2
313	2
314	1
315	1
316	1
317	0
318	2
319	0
320	2
321	1
322	1
323	2
324	0
325	0
326	1
327	2
328	2
329	2
330	2
331	2
332	0
333	0
334	2
335	0
336	1
337	2
338	1
339	1
340	0
341	0
342	0
343	0
344	0
345	1
346	2
347	1
348	0
349	1
350	1
351	0
352	1
353	1
354	0
355	1
356	2
357	0
358	1
359	0
360	0
361	2
362	2
363	0
364	2
365	1
366	0
367	1
368	2
369	2
370	1
371	0
372	2
373	1
374	1
375	1
376	2
377	1
378	2
379	2
380	1
381	0
382	2
383	2
384	2
385	0
386	0
387	0
388	1
389	0
390	1
391	1
392	1
393	0
394	1
395	2
396	2
397	2
398	1
399	0
400	0
401	2
402	2
403	2
404	0
405	2
406	1
407	0
408	1
409	1
410	1
411	2
412	0
413	1
414	0
415	0
416	2
417	1
418	0
419	2
420	2
421	1
422	1
423	1
424	2
425	1
426	1
427	1
428	1
429	2
430	0
431	0
432	2
433	0
434	1
435	0
436	1
437	2
438	2
439	1
440	1
441	1
442	1
443	1
444	1
445	2
446	1
447	0
448	1
449	0
450	0
451	1
452	2
453	1
454	0
455	2
456	1
457	0
458	1
459	1
460	1
461	0
462	2
463	1
464	1
465	1
466	2
467	2
468	2
469	2
470	1
471	1
472	1
473	1
474	2
475	1
476	0
477	0
478	2
479	0
480	0
481	0
482	2
483	0
484	1
485	0
486	0
487	2
488	1
489	2
490	1
491	2
492	0
493	1
494	1
495	0
496	2
497	0
498	0
499	0
500	1
501	1
502	1
503	0
504	2
505	0
506	0
507	2
508	0
509	2
510	1
511	0
512	0
513	1
514	1
515	2
516	1
517	2
518	0
519	2
520	2
521	2
522	1
523	1
524	1
525	1
526	0
527	1
528	0
529	1
530	2
531	0
532	2
533	2
534	0
535	2
536	1
537	2
538	0
539	0
540	2
541	2
542	1
543	1
544	2
545	0
546	2
547	0
548	2
549	0
550	1
551	2
552	0
553	1
554	1
555	1
556	1
557	0
558	0
559	1
560	2
561	1
562	1
563	1
564	1
565	1
566	0
567	0
568	0
569	0
570	1
571	0
572	0
573	2
574	2
575	0
576	1
577	1
578	1
579	0
580	2
581	0
582	0
583	1
584	0
585	1
586	1
587	2
588	1
589	2
590	0
591	2
592	0
593	0
594	1
595	1
596	1
597	1
598	1
599	1
600	0
601	2
602	2
603	1
604	0
605	2
606	1
607	2
608	0
609	1
610	1
611	1
612	2
613	0
614	0
615	2
616	1
617	1
618	1
619	1
620	2
621	1
622	1
623	2
624	0
625	2
626	0
627	1
628	0
629	2
630	2
631	0
632	1
633	2
634	0
635	2
636	2
637	0
638	1
639	0
640	2
641	1
642	0
643	2
644	2
645	2
646	2
647	0
648	1
649	1
650	2
651	2
652	1
653	1
654	1
655	1
656	2
657	2
658	1
659	1
660	0
661	1
662	0
663	1
664	0
665	2
666	1
667	1
668	2
669	1
670	1
671	0
672	2
673	0
674	2
675	1
676	2
677	2
678	1
679	1
680	1
681	1
682	0
683	1
684	1
685	2
686	2
687	0
688	2
689	0
690	0
691	0
692	0
693	1
694	2
695	0
696	1
697	2
698	2
699	2
700	2
701	1
702	2
703	1
704	1
705	2
706	0
707	0
708	1
709	1
710	2
711	0
712	1
713	2
714	1
715	0
716	0
717	1
718	0
719	1
720	1
721	1
722	1
723	1
724	1
725	2
726	2
727	1
728	1
729	1
730	0
731	0
732	0
733	1
734	0
735	0
736	1
737	1
738	2
739	2
740	1
741	2
742	0
743	1
744	2
745	1
746	1
747	2
748	0
749	2
750	1
751	2
752	0
753	0
754	0
755	1
756	1
757	1
758	1
759	0
760	2
761	2
762	0
763	0
764	2
765	1
766	1
767	1
768	1
769	0
770	0
771	0
772	1
773	2
774	2
775	0
776	1
777	0
778	2
779	0
780	1
781	2
782	1
783	1
784	0
785	1
786	0
787	0
788	2
789	2
790	2
791	1
792	1
793	1
794	0
795	1
796	1
797	1
798	1
799	1
800	1
801	2
802	1
803	1
804	0
805	1
806	0
807	1
808	1
809	1
810	0
811	1
812	1
813	2
814	0
815	2
816	1
817	1
818	1
819	1
820	0
821	1
822	1
823	1
824	1
825	0
826	2
827	1
828	0
829	2
830	2
831	0
832	1
833	1
834	1
835	1
836	1
837	0
838	1
839	0
840	0
841	0
842	0
843	0
844	1
845	1
846	2
847	1
848	2
849	1
850	1
851	2
852	0
853	1
854	0
855	0
856	0
857	1
858	1
859	0
860	0
861	2
862	0
863	0
864	0
865	0
866	0
867	0
868	0
869	0
870	2
871	1
872	1
873	0
874	1
875	0
876	2
877	0
878	1
879	0
880	2
881	0
882	0
883	0
884	0
885	1
886	2
887	0
888	0
889	1
890	1
891	1
892	2
893	1
894	0
895	1
896	1
897	2
898	1
899	1
900	0
901	0
902	0
903	0
904	1
905	1
906	2
907	1
908	1
909	0
910	1
911	0
912	0
913	2
914	1
915	0
916	2
917	1
918	2
919	0
920	1
921	1
922	0
923	1
924	1
925	1
926	2
927	1
928	1
929	1
930	0
931	2
932	0
933	0
934	0
935	1
936	1
937	1
938	2
939	1
940	1
941	1
942	2
943	1
944	2
945	0
946	0
947	1
948	1
949	1
950	1
951	2
952	2
953	2
954	2
955	0
956	2
957	2
958	2
959	2
960	0
961	2
962	1
963	2
964	0
965	2
966	2
967	1
968	1
969	1
970	0
971	2
972	1
973	2
974	0
975	2
976	2
977	1
978	1
979	1
980	1
981	0
982	0
983	1
984	0
985	1
986	2
987	0
988	1
989	0
990	2
991	0
992	2
993	1
994	1
995	1
996	1
997	1
998	0
999	1
1000	0
1001	1
1002	1
1003	2
1004	1
1005	0
1006	1
1007	0
1008	2
1009	1
1010	0
1011	0
1012	1
1013	1
1014	2
1015	1
1016	2
1017	1
1018	1
1019	2
1020	1
1021	1
1022	1
1023	0
1024	1
1025	1
1026	1
1027	1
1028	0
1029	1
1030	1
1031	0
1032	2
1033	2
1034	0
1035	1
1036	2
1037	2
1038	2
1039	1
1040	1
1041	2
1042	0
1043	1
1044	1
1045	2
1046	1
1047	1
1048	0
1049	0
1050	2
1051	0
1052	0
1053	0
1054	1
1055	0
1056	0
1057	2
1058	1
1059	0
1060	1
1061	1
1062	0
1063	2
1064	1
1065	1
1066	1
1067	2
1068	2
1069	0
1070	2
1071	2
1072	0
1073	1
1074	0
1075	1
1076	1
1077	1
1078	1
1079	1
1080	1
1081	2
1082	2
1083	0
1084	1
1085	0
1086	2
1087	2
1088	2
1089	1
1090	1
1091	0
1092	1
1093	0
1094	0
1095	0
1096	1
1097	0
1098	2
1099	1
1100	2
1101	1
1102	0
1103	1
1104	1
1105	1
1106	0
1107	2
1108	1
1109	1
1110	0
1111	1
1112	2
1113	0
1114	0
1115	1
1116	2
1117	1
1118	1
1119	2
1120	1
1121	0
1122	2
1123	1
1124	1
1125	2
1126	2
1127	2
1128	0
1129	2
1130	2
1131	0
1132	0
1133	1
1134	1
1135	1
1136	1
1137	1
1138	0
1139	0
1140	1
1141	0
1142	0
1143	0
1144	2
1145	2
1146	1
1147	2
1148	1
1149	1
1150	1
1151	0
1152	0
1153	1
1154	2
1155	2
1156	2
1157	1
1158	2
1159	0
1160	1
1161	1
1162	1
1163	1
1164	0
1165	1
1166	0
1167	1
1168	0
1169	0
1170	1
1171	2
1172	0
1173	0
1174	2
1175	0
1176	0
1177	1
1178	2
1179	0
1180	2
1181	0
1182	0
1183	1
1184	1
1185	1
1186	2
1187	1
1188	0
1189	0
1190	2
1191	0
1192	0
1193	2
1194	0
1195	0
1196	2
1197	2
1198	2
1199	2
1200	1
1201	2
1202	2
1203	2
1204	1
1205	2
1206	1
1207	1
1208	2
1209	1
1210	1
1211	0
1212	0
1213	1
1214	0
1215	1
1216	0
1217	2
1218	1
1219	0
1220	1
1221	2
1222	1
1223	1
1224	0
1225	2
1226	0
1227	1
1228	1
1229	0
1230	0
1231	1
1232	1
1233	1
1234	0
1235	1
1236	2
1237	2
1238	0
1239	0
1240	1
1241	1
1242	0
1243	2
1244	0
1245	0
1246	2
1247	0
1248	1
1249	2
1250	1
1251	0
1252	1
1253	2
1254	2
1255	2
1256	1
1257	0
1258	0
1259	1
1260	2
1261	1
1262	0
1263	0
1264	1
1265	1
1266	0
1267	0
1268	1
1269	1
1270	1
1271	1
1272	1
1273	0
1274	1
1275	0
1276	0
1277	2
1278	1
1279	0
1280	2
1281	0
1282	0
1283	2
1284	1
1285	1
1286	0
1287	1
1288	2
1289	0
1290	1
1291	0
1292	0
1293	1
1294	2
1295	1
1296	1
1297	2
1298	1
1299	1
1300	0
1301	0
1302	1
1303	2
1304	1
1305	1
1306	0
1307	1
1308	0
1309	0
1310	1
1311	0
1312	2
1313	0
1314	2
1315	1
1316	1
1317	1
1318	1
1319	1
1320	2
1321	2
1322	1
1323	2
1324	0
1325	1
1326	0
1327	1
1328	1
1329	1
1330	2
1331	0
1332	2
1333	1
1334	2
1335	1
1336	0
1337	2
1338	2
1339	1
1340	2
1341	1
1342	1
1343	1
1344	0
1345	1
1346	2
1347	0
1348	1
1349	2
1350	1
1351	1
1352	0
1353	1
1354	1
1355	0
1356	2
1357	2
1358	0
1359	1
1360	0
1361	2
1362	2
1363	1
1364	0
1365	0
1366	1
1367	2
1368	2
1369	2
1370	1
1371	0
1372	0
1373	2
1374	1
1375	0
1376	1
1377	1
1378	0
1379	0
1380	2
1381	1
1382	0
1383	1
1384	2
1385	1
1386	1
1387	0
1388	1
1389	0
1390	1
1391	1
1392	2
1393	1
1394	0
1395	2
1396	2
1397	2
1398	2
1399	2
1400	0
1401	0
1402	0
1403	0
1404	1
1405	1
1406	0
1407	1
1408	0
1409	2
1410	1
1411	1
1412	0
1413	2
1414	0
1415	2
1416	2
1417	2
1418	0
1419	2
1420	2
1421	1
1422	0
1423	1
1424	0
1425	0
1426	1
1427	1
1428	1
1429	1
1430	0
1431	0
1432	2
1433	1
1434	2
1435	0
1436	0
1437	0
1438	1
1439	2
1440	2
1441	2
1442	1
1443	2
1444	2
1445	2
1446	0
1447	2
1448	2
1449	1
1450	0
1451	2
1452	2
1453	0
1454	0
1455	1
1456	1
1457	0
1458	0
1459	1
1460	0
1461	1
1462	0
1463	0
1464	1
1465	2
1466	0
1467	1
1468	1
1469	2
1470	0
1471	0
1472	0
1473	2
1474	1
1475	1
1476	1
1477	1
1478	0
1479	0
1480	1
1481	1
1482	0
1483	0
1484	1
1485	1
1486	0
1487	2
1488	1
1489	0
1490	1
1491	2
1492	0
1493	0
1494	0
1495	0
1496	1
1497	0
1498	1
1499	1
1500	1
1501	1
1502	1
1503	0
1504	0
1505	1
1506	1
1507	0
1508	2
1509	0
1510	0
1511	1
1512	0
1513	0
1514	2
1515	1
1516	2
1517	0
1518	2
1519	1
1520	2
1521	1
1522	0
1523	1
1524	0
1525	1
1526	1
1527	1
1528	1
1529	2
1530	1
1531	1
1532	0
1533	0
1534	0
1535	2
1536	1
1537	2
1538	2
1539	0
1540	2
1541	2
1542	1
1543	1
1544	2
1545	0
1546	1
1547	0
1548	0
1549	1
1550	2
1551	2
1552	0
1553	2
1554	2
1555	1
1556	1
1557	1
1558	0
1559	1
1560	1
1561	1
1562	2
1563	1
1564	1
1565	2
1566	0
1567	2
1568	0
1569	0
1570	1
1571	2
1572	1
1573	2
1574	2
1575	2
1576	1
1577	1
1578	1
1579	1
1580	0
1581	0
1582	0
1583	2
1584	1
1585	0
1586	0
1587	0
1588	0
1589	1
1590	2
1591	1
1592	2
1593	0
1594	1
1595	0
1596	0
1597	0
1598	2
1599	2
1600	2
1601	0
1602	1
1603	2
1604	0
1605	1
1606	0
1607	0
1608	1
1609	2
1610	0
1611	1
1612	2
1613	2
1614	2
1615	1
1616	2
1617	1
1618	0
1619	0
1620	2
1621	0
1622	0
1623	0
1624	1
1625	1
1626	0
1627	1
1628	1
1629	0
1630	1
1631	1
1632	1
1633	1
1634	0
1635	0
1636	1
1637	2
1638	1
1639	1
1640	1
1641	0
1642	2
1643	1
1644	0
1645	1
1646	1
1647	1
1648	0
1649	2
1650	2
1651	1
1652	0
1653	2
1654	1
1655	0
1656	2
1657	2
1658	1
1659	1
1660	1
1661	0
1662	2
1663	2
1664	0
1665	2
1666	0
1667	1
1668	2
1669	1
1670	2
1671	1
1672	2
1673	0
1674	2
1675	0
1676	2
1677	1
1678	0
1679	2
1680	0
1681	1
1682	1
1683	0
1684	1
1685	2
1686	0
1687	2
1688	0
1689	1
1690	2
1691	0
1692	0
1693	0
1694	1
1695	2
1696	1
1697	2
1698	1
1699	1
1700	2
1701	1
1702	0
1703	1
1704	2
1705	2
1706	1
1707	1
1708	1
1709	0
1710	1
1711	1
1712	1
1713	1
1714	0
1715	0
1716	0
1717	1
1718	1
1719	0
1720	0
1721	0
1722	2
1723	0
1724	0
1725	2
1726	2
1727	2
1728	0
1729	2
1730	0
1731	2
1732	1
1733	0
1734	0
1735	1
1736	0
1737	1
1738	0
1739	2
1740	2
1741	2
1742	0
1743	0
1744	2
1745	0
1746	1
1747	2
1748	2
1749	1
1750	0
1751	0
1752	1
1753	0
1754	2
1755	2
1756	1
1757	0
1758	1
1759	1
1760	0
1761	2
1762	2
1763	1
1764	1
1765	2
1766	2
1767	1
1768	1
1769	1
1770	1
1771	0
1772	0
1773	1
1774	2
1775	0
1776	1
1777	0
1778	2
1779	1
1780	0
1781	0
1782	0
1783	1
1784	0
1785	2
1786	1
1787	2
1788	2
1789	1
1790	0
1791	1
1792	1
1793	1
1794	1
1795	0
1796	0
1797	2
1798	1
1799	2
1800	1
1801	0
1802	2
1803	2
1804	2
1805	2
1806	0
1807	1
1808	1
1809	2
1810	1
1811	0
1812	2
1813	0
1814	1
1815	0
1816	0
1817	2
1818	0
1819	1
1820	0
1821	1
1822	0
1823	0
1824	2
1825	1
1826	2
1827	0
1828	0
1829	2
1830	0
1831	0
1832	2
1833	2
1834	1
1835	1
1836	2
1837	2
1838	2
1839	0
1840	2
1841	0
1842	0
1843	0
1844	1
1845	1
1846	2
1847	2
1848	2
1849	1
1850	0
1851	2
1852	0
1853	0
1854	2
1855	2
1856	0
1857	0
1858	1
1859	1
1860	1
1861	1
1862	2
1863	1
1864	2
1865	1
1866	2
1867	0
1868	0
1869	2
1870	2
1871	0
1872	0
1873	2
1874	1
1875	1
1876	1
1877	1
1878	0
1879	2
1880	0
1881	0
1882	1
1883	0
1884	1
1885	1
1886	0
1887	2
1888	1
1889	0
1890	1
1891	0
1892	1
1893	1
1894	1
1895	0
1896	1
1897	0
1898	0
1899	0
1900	0
1901	1
1902	0
1903	1
1904	2
1905	2
1906	1
1907	2
1908	1
1909	1
1910	2
1911	1
1912	2
1913	1
1914	0
1915	2
1916	2
1917	1
1918	0
1919	1
1920	0
1921	0
1922	1
1923	0
1924	2
1925	2
1926	1
1927	1
1928	0
1929	2
1930	1
1931	1
1932	1
1933	0
1934	0
1935	1
1936	2
1937	0
1938	0
1939	0
1940	0
1941	1
1942	1
1943	1
1944	1
1945	1
1946	2
1947	2
1948	0
1949	0
1950	0
1951	2
1952	0
1953	0
1954	1
1955	2
1956	0
1957	1
1958	2
1959	1
1960	2
1961	1
1962	0
1963	0
1964	2
1965	1
1966	0
1967	0
1968	0
1969	0
1970	2
1971	1
1972	2
1973	2
1974	0
1975	2
1976	0
1977	0
1978	0
1979	2
1980	0
1981	1
1982	0
1983	1
1984	1
1985	0
1986	0
1987	1
1988	2
1989	2
1990	1
1991	2
1992	1
1993	1
1994	1
1995	1
1996	0
1997	0
1998	0
1999	1
