index	prediction
0	1
1	0
2	1
3	0
4	1
5	2
6	0
7	1
8	2
9	0
10	0
11	1
12	0
13	0
14	0
15	2
16	0
17	1
18	0
19	1
20	2
21	0
22	0
23	1
24	1
25	2
26	2
27	0
28	0
29	1
30	0
31	0
32	1
33	1
34	0
35	0
36	0
37	2
38	2
39	0
40	1
41	2
42	0
43	0
44	2
45	2
46	0
47	2
48	2
49	0
50	0
51	1
52	1
53	2
54	1
55	2
56	0
57	1
58	2
59	1
60	0
61	1
62	1
63	2
64	1
65	1
66	1
67	0
68	2
69	0
70	0
71	1
72	1
73	0
74	1
75	1
76	1
77	1
78	0
79	0
80	2
81	1
82	2
83	0
84	1
85	2
86	2
87	0
88	2
89	0
90	1
91	0
92	2
93	2
94	1
95	1
96	1
97	2
98	0
99	1
100	1
101	0
102	1
103	0
104	0
105	2
106	0
107	0
108	2
109	1
110	2
111	0
112	2
113	1
114	2
115	2
116	2
117	1
118	2
119	2
120	2
121	2
122	2
123	2
124	0
125	0
126	0
127	1
128	1
129	1
130	1
131	1
132	1
133	2
134	2
135	0
136	1
137	0
138	1
139	2
140	2
141	0
142	1
143	1
144	2
145	2
146	0
147	2
148	0
149	1
150	2
151	2
152	2
153	0
154	2
155	1
156	1
157	2
158	0
159	0
160	2
161	0
162	2
163	1
164	2
165	2
166	1
167	1
168	0
169	2
170	1
171	2
172	0
173	1
174	1
175	0
176	1
177	2
178	2
179	1
180	2
181	0
182	0
183	1
184	2
185	1
186	2
187	1
188	1
189	1
190	2
191	2
192	1
193	0
194	1
195	1
196	1
197	0
198	1
199	1
200	2
201	2
202	2
203	2
204	2
205	2
206	1
207	2
208	0
209	1
210	0
211	2
212	1
213	2
214	2
215	1
216	0
217	1
218	0
219	0
220	2
221	2
222	2
223	1
224	0
225	2
226	0
227	1
228	0
229	0
230	1
231	1
232	1
233	2
234	1
235	1
236	1
237	1
238	0
239	0
240	0
241	1
242	0
243	1
244	1
245	1
246	2
247	0
248	1
249	0
250	0
251	2
252	0
253	1
254	0
255	2
256	1
257	0
258	2
259	0
260	2
261	0
262	1
263	0
264	1
265	0
266	1
267	1
268	2
269	1
270	1
271	1
272	2
273	1
274	0
275	0
276	0
277	0
278	0
279	1
280	0
281	1
282	0
283	2
284	1
285	1
286	1
287	1
288	1
289	1
290	2
291	1
292	2
293	0
294	1
295	2
296	1
297	2
298	1
299	1
300	0
301	0
302	1
303	0
304	0
305	0
306	0
307	1
308	0
309	1
310	1
311	2
312	2
313	0
314	1
315	2
316	0
317	2
318	2
319	0
320	2
321	0
322	0
323	2
324	1
325	2
326	1
327	2
328	2
329	2
330	2
331	1
332	0
333	0
334	2
335	0
336	1
337	2
338	2
339	1
340	1
341	1
342	1
343	1
344	0
345	2
346	1
347	0
348	0
349	1
350	1
351	0
352	2
353	1
354	0
355	0
356	1
357	1
358	2
359	0
360	2
361	2
362	2
363	2
364	2
365	2
366	1
367	2
368	0
369	0
370	0
371	1
372	2
373	2
374	1
375	1
376	0
377	0
378	2
379	1
380	0
381	0
382	2
383	0
384	2
385	0
386	0
387	0
388	1
389	2
390	2
391	2
392	1
393	0
394	1
395	0
396	1
397	2
398	1
399	2
400	1
401	2
402	2
403	2
404	2
405	0
406	2
407	0
408	1
409	1
410	0
411	1
412	1
413	1
414	0
415	1
416	2
417	1
418	0
419	1
420	1
421	1
422	1
423	1
424	2
425	0
426	1
427	1
428	0
429	0
430	2
431	0
432	2
433	0
434	1
435	0
436	1
437	2
438	2
439	2
440	0
441	1
442	2
443	1
444	1
445	0
446	1
447	1
448	0
449	1
450	0
451	1
452	2
453	2
454	0
455	0
456	0
457	0
458	2
459	2
460	2
461	0
462	1
463	1
464	1
465	1
466	1
467	2
468	2
469	2
470	1
471	0
472	1
473	2
474	2
475	1
476	0
477	2
478	2
479	2
480	2
481	1
482	1
483	2
484	1
485	0
486	0
487	2
488	1
489	2
490	1
491	2
492	0
493	2
494	1
495	0
496	2
497	0
498	1
499	0
500	1
501	1
502	1
503	0
504	2
505	0
506	0
507	2
508	0
509	2
510	0
511	1
512	0
513	2
514	2
515	1
516	2
517	2
518	0
519	2
520	2
521	0
522	1
523	0
524	1
525	2
526	1
527	2
528	2
529	1
530	2
531	0
532	1
533	0
534	0
535	2
536	0
537	1
538	1
539	0
540	0
541	2
542	1
543	1
544	1
545	0
546	1
547	0
548	1
549	2
550	2
551	2
552	2
553	1
554	1
555	0
556	1
557	0
558	1
559	0
560	2
561	1
562	1
563	1
564	2
565	2
566	1
567	0
568	0
569	0
570	0
571	0
572	2
573	1
574	2
575	0
576	1
577	2
578	2
579	2
580	0
581	1
582	0
583	1
584	1
585	1
586	1
587	0
588	2
589	2
590	0
591	2
592	1
593	0
594	2
595	2
596	0
597	0
598	0
599	1
600	1
601	2
602	1
603	1
604	2
605	1
606	1
607	2
608	0
609	0
610	0
611	1
612	2
613	2
614	0
615	2
616	1
617	0
618	1
619	0
620	2
621	1
622	2
623	1
624	0
625	2
626	0
627	1
628	0
629	1
630	2
631	2
632	2
633	0
634	0
635	2
636	2
637	0
638	1
639	0
640	0
641	2
642	0
643	1
644	2
645	2
646	2
647	0
648	1
649	2
650	2
651	2
652	1
653	2
654	0
655	1
656	2
657	1
658	1
659	1
660	1
661	1
662	0
663	2
664	0
665	2
666	1
667	1
668	2
669	1
670	2
671	0
672	2
673	0
674	2
675	0
676	0
677	2
678	0
679	1
680	1
681	1
682	0
683	1
684	1
685	1
686	0
687	0
688	2
689	0
690	2
691	0
692	2
693	2
694	0
695	0
696	2
697	2
698	2
699	2
700	2
701	1
702	0
703	2
704	1
705	0
706	0
707	2
708	1
709	0
710	1
711	0
712	2
713	2
714	2
715	1
716	2
717	1
718	2
719	1
720	1
721	0
722	1
723	1
724	1
725	2
726	2
727	1
728	2
729	1
730	1
731	1
732	1
733	1
734	0
735	0
736	1
737	0
738	2
739	2
740	1
741	2
742	0
743	1
744	1
745	0
746	0
747	1
748	0
749	2
750	1
751	2
752	0
753	0
754	0
755	1
756	0
757	0
758	0
759	2
760	2
761	1
762	0
763	2
764	2
765	2
766	1
767	2
768	0
769	2
770	1
771	2
772	0
773	2
774	2
775	0
776	1
777	2
778	1
779	0
780	0
781	2
782	1
783	0
784	0
785	1
786	0
787	0
788	2
789	0
790	0
791	1
792	1
793	1
794	1
795	1
796	2
797	1
798	1
799	2
800	1
801	2
802	1
803	2
804	0
805	1
806	1
807	1
808	2
809	1
810	1
811	1
812	1
813	2
814	0
815	2
816	1
817	0
818	2
819	1
820	0
821	2
822	0
823	1
824	1
825	1
826	0
827	1
828	1
829	1
830	1
831	0
832	1
833	1
834	1
835	1
836	1
837	0
838	0
839	1
840	1
841	0
842	1
843	0
844	1
845	1
846	2
847	1
848	0
849	2
850	1
851	2
852	1
853	0
854	2
855	1
856	2
857	1
858	1
859	2
860	1
861	1
862	0
863	0
864	1
865	1
866	0
867	0
868	0
869	0
870	2
871	1
872	0
873	0
874	1
875	0
876	2
877	0
878	1
879	0
880	2
881	0
882	1
883	0
884	0
885	0
886	0
887	1
888	0
889	0
890	1
891	1
892	2
893	2
894	0
895	1
896	0
897	0
898	1
899	1
900	0
901	1
902	0
903	0
904	2
905	2
906	0
907	1
908	1
909	0
910	0
911	0
912	0
913	0
914	1
915	0
916	2
917	0
918	0
919	0
920	0
921	1
922	0
923	1
924	0
925	0
926	2
927	1
928	1
929	1
930	1
931	2
932	2
933	0
934	0
935	1
936	1
937	1
938	1
939	2
940	0
941	1
942	2
943	0
944	1
945	2
946	0
947	0
948	0
949	2
950	1
951	1
952	2
953	2
954	1
955	0
956	2
957	2
958	2
959	2
960	2
961	0
962	1
963	1
964	0
965	2
966	2
967	1
968	1
969	1
970	0
971	1
972	1
973	2
974	2
975	1
976	2
977	0
978	2
979	2
980	1
981	0
982	0
983	2
984	0
985	0
986	2
987	0
988	0
989	0
990	2
991	1
992	1
993	2
994	1
995	1
996	2
997	1
998	1
999	2
1000	2
1001	1
1002	1
1003	1
1004	1
1005	2
1006	2
1007	1
1008	1
1009	1
1010	0
1011	0
1012	1
1013	2
1014	2
1015	2
1016	0
1017	2
1018	1
1019	2
1020	1
1021	2
1022	1
1023	1
1024	0
1025	1
1026	2
1027	1
1028	1
1029	1
1030	1
1031	1
1032	2
1033	2
1034	1
1035	1
1036	1
1037	2
1038	2
1039	1
1040	1
1041	1
1042	1
1043	0
1044	1
1045	2
1046	2
1047	1
1048	2
1049	2
1050	2
1051	1
1052	0
1053	0
1054	1
1055	1
1056	0
1057	2
1058	1
1059	1
1060	0
1061	1
1062	0
1063	2
1064	0
1065	1
1066	1
1067	1
1068	1
1069	1
1070	0
1071	1
1072	0
1073	1
1074	2
1075	1
1076	1
1077	1
1078	1
1079	1
1080	1
1081	1
1082	1
1083	1
1084	1
1085	2
1086	2
1087	2
1088	1
1089	2
1090	1
1091	0
1092	0
1093	1
1094	1
1095	0
1096	1
1097	0
1098	2
1099	2
1100	2
1101	1
1102	1
1103	1
1104	1
1105	2
1106	0
1107	1
1108	1
1109	0
1110	1
1111	1
1112	2
1113	0
1114	0
1115	1
1116	2
1117	1
1118	1
1119	0
1120	1
1121	0
1122	0
1123	1
1124	1
1125	2
1126	2
1127	2
1128	0
1129	2
1130	2
1131	1
1132	0
1133	1
1134	1
1135	1
1136	1
1137	2
1138	0
1139	2
1140	1
1141	1
1142	1
1143	0
1144	2
1145	2
1146	1
1147	1
1148	1
1149	1
1150	1
1151	0
1152	1
1153	1
1154	2
1155	1
1156	1
1157	1
1158	0
1159	1
1160	1
1161	2
1162	1
1163	1
1164	0
1165	1
1166	0
1167	1
1168	1
1169	1
1170	1
1171	2
1172	0
1173	0
1174	2
1175	1
1176	0
1177	1
1178	2
1179	0
1180	2
1181	1
1182	2
1183	2
1184	2
1185	1
1186	2
1187	0
1188	2
1189	1
1190	2
1191	0
1192	0
1193	2
1194	0
1195	0
1196	2
1197	2
1198	2
1199	2
1200	1
1201	2
1202	2
1203	2
1204	1
1205	2
1206	1
1207	1
1208	0
1209	0
1210	1
1211	2
1212	1
1213	0
1214	0
1215	1
1216	0
1217	2
1218	2
1219	2
1220	1
1221	2
1222	1
1223	0
1224	0
1225	2
1226	2
1227	1
1228	1
1229	0
1230	1
1231	1
1232	0
1233	0
1234	0
1235	1
1236	0
1237	2
1238	1
1239	0
1240	1
1241	2
1242	0
1243	2
1244	0
1245	0
1246	2
1247	2
1248	1
1249	1
1250	1
1251	0
1252	1
1253	1
1254	2
1255	2
1256	1
1257	0
1258	1
1259	0
1260	0
1261	2
1262	2
1263	0
1264	1
1265	2
1266	2
1267	1
1268	1
1269	1
1270	1
1271	0
1272	0
1273	1
1274	1
1275	1
1276	1
1277	2
1278	1
1279	0
1280	2
1281	2
1282	0
1283	0
1284	0
1285	1
1286	0
1287	1
1288	0
1289	1
1290	1
1291	0
1292	1
1293	0
1294	2
1295	2
1296	2
1297	1
1298	0
1299	1
1300	1
1301	1
1302	2
1303	2
1304	1
1305	1
1306	0
1307	1
1308	0
1309	0
1310	2
1311	2
1312	2
1313	2
1314	2
1315	1
1316	0
1317	1
1318	1
1319	2
1320	0
1321	2
1322	1
1323	1
1324	0
1325	2
1326	2
1327	2
1328	0
1329	1
1330	2
1331	0
1332	0
1333	1
1334	0
1335	1
1336	1
1337	1
1338	1
1339	1
1340	2
1341	1
1342	0
1343	0
1344	0
1345	1
1346	1
1347	0
1348	2
1349	2
1350	2
1351	1
1352	0
1353	0
1354	1
1355	0
1356	2
1357	0
1358	0
1359	1
1360	2
1361	2
1362	2
1363	0
1364	0
1365	0
1366	0
1367	2
1368	0
1369	0
1370	1
1371	1
1372	2
1373	2
1374	1
1375	0
1376	2
1377	1
1378	0
1379	0
1380	2
1381	1
1382	0
1383	1
1384	2
1385	1
1386	1
1387	0
1388	1
1389	0
1390	0
1391	1
1392	1
1393	1
1394	0
1395	2
1396	2
1397	0
1398	0
1399	0
1400	0
1401	0
1402	1
1403	2
1404	1
1405	2
1406	0
1407	1
1408	0
1409	2
1410	1
1411	0
1412	0
1413	2
1414	0
1415	0
1416	2
1417	2
1418	0
1419	1
1420	0
1421	2
1422	2
1423	2
1424	2
1425	2
1426	2
1427	0
1428	1
1429	0
1430	2
1431	0
1432	1
1433	0
1434	0
1435	0
1436	0
1437	2
1438	2
1439	2
1440	1
1441	2
1442	1
1443	0
1444	2
1445	2
1446	0
1447	2
1448	2
1449	0
1450	0
1451	2
1452	2
1453	1
1454	0
1455	0
1456	0
1457	0
1458	2
1459	1
1460	1
1461	2
1462	0
1463	0
1464	0
1465	2
1466	1
1467	1
1468	2
1469	1
1470	0
1471	2
1472	2
1473	2
1474	0
1475	1
1476	1
1477	1
1478	0
1479	0
1480	1
1481	1
1482	0
1483	0
1484	1
1485	1
1486	0
1487	2
1488	2
1489	1
1490	1
1491	2
1492	1
1493	0
1494	0
1495	0
1496	0
1497	2
1498	0
1499	2
1500	0
1501	1
1502	1
1503	0
1504	2
1505	1
1506	1
1507	0
1508	2
1509	1
1510	0
1511	1
1512	0
1513	0
1514	1
1515	0
1516	2
1517	0
1518	2
1519	0
1520	1
1521	0
1522	1
1523	1
1524	0
1525	1
1526	0
1527	1
1528	1
1529	2
1530	2
1531	1
1532	1
1533	0
1534	0
1535	2
1536	1
1537	2
1538	0
1539	2
1540	2
1541	2
1542	0
1543	1
1544	1
1545	2
1546	1
1547	0
1548	1
1549	2
1550	2
1551	2
1552	0
1553	1
1554	2
1555	0
1556	1
1557	1
1558	0
1559	2
1560	1
1561	2
1562	0
1563	1
1564	1
1565	0
1566	1
1567	2
1568	0
1569	1
1570	1
1571	2
1572	1
1573	1
1574	2
1575	2
1576	1
1577	0
1578	1
1579	1
1580	0
1581	1
1582	0
1583	0
1584	2
1585	1
1586	0
1587	2
1588	0
1589	2
1590	2
1591	1
1592	0
1593	0
1594	0
1595	0
1596	0
1597	0
1598	0
1599	2
1600	2
1601	0
1602	1
1603	2
1604	0
1605	1
1606	0
1607	0
1608	1
1609	1
1610	1
1611	0
1612	2
1613	2
1614	2
1615	2
1616	1
1617	2
1618	0
1619	0
1620	1
1621	1
1622	2
1623	1
1624	1
1625	1
1626	0
1627	2
1628	1
1629	1
1630	1
1631	2
1632	1
1633	1
1634	1
1635	0
1636	2
1637	2
1638	0
1639	2
1640	1
1641	0
1642	1
1643	2
1644	0
1645	1
1646	2
1647	1
1648	1
1649	2
1650	2
1651	1
1652	1
1653	2
1654	1
1655	1
1656	1
1657	2
1658	2
1659	0
1660	1
1661	0
1662	2
1663	2
1664	2
1665	0
1666	0
1667	1
1668	1
1669	2
1670	1
1671	0
1672	2
1673	0
1674	2
1675	2
1676	0
1677	2
1678	0
1679	2
1680	0
1681	1
1682	1
1683	0
1684	1
1685	1
1686	1
1687	0
1688	1
1689	1
1690	2
1691	0
1692	1
1693	1
1694	1
1695	2
1696	1
1697	2
1698	0
1699	1
1700	2
1701	1
1702	2
1703	0
1704	2
1705	2
1706	1
1707	1
1708	2
1709	0
1710	0
1711	1
1712	2
1713	1
1714	0
1715	0
1716	1
1717	2
1718	1
1719	0
1720	0
1721	2
1722	2
1723	2
1724	0
1725	2
1726	2
1727	1
1728	1
1729	2
1730	0
1731	1
1732	2
1733	0
1734	1
1735	0
1736	0
1737	0
1738	2
1739	0
1740	2
1741	1
1742	1
1743	0
1744	2
1745	0
1746	0
1747	1
1748	2
1749	2
1750	0
1751	1
1752	1
1753	0
1754	1
1755	1
1756	2
1757	0
1758	2
1759	1
1760	1
1761	2
1762	2
1763	2
1764	0
1765	2
1766	2
1767	1
1768	1
1769	0
1770	2
1771	0
1772	0
1773	1
1774	2
1775	1
1776	1
1777	2
1778	2
1779	2
1780	2
1781	2
1782	2
1783	0
1784	1
1785	2
1786	0
1787	2
1788	2
1789	1
1790	0
1791	1
1792	1
1793	2
1794	1
1795	2
1796	2
1797	1
1798	2
1799	1
1800	2
1801	0
1802	2
1803	2
1804	2
1805	1
1806	0
1807	1
1808	1
1809	1
1810	2
1811	0
1812	2
1813	2
1814	1
1815	0
1816	2
1817	2
1818	0
1819	1
1820	1
1821	0
1822	1
1823	1
1824	2
1825	2
1826	2
1827	0
1828	2
1829	2
1830	0
1831	2
1832	2
1833	1
1834	1
1835	0
1836	0
1837	2
1838	0
1839	0
1840	2
1841	1
1842	0
1843	0
1844	1
1845	1
1846	2
1847	2
1848	2
1849	2
1850	1
1851	2
1852	0
1853	2
1854	0
1855	0
1856	0
1857	0
1858	2
1859	2
1860	1
1861	2
1862	2
1863	1
1864	1
1865	1
1866	2
1867	1
1868	0
1869	2
1870	2
1871	0
1872	0
1873	2
1874	1
1875	1
1876	0
1877	2
1878	1
1879	1
1880	0
1881	0
1882	1
1883	0
1884	1
1885	1
1886	0
1887	2
1888	1
1889	0
1890	1
1891	1
1892	1
1893	1
1894	1
1895	2
1896	1
1897	1
1898	0
1899	1
1900	0
1901	2
1902	1
1903	1
1904	2
1905	2
1906	2
1907	1
1908	1
1909	2
1910	1
1911	1
1912	2
1913	1
1914	0
1915	1
1916	1
1917	0
1918	2
1919	1
1920	0
1921	0
1922	1
1923	0
1924	2
1925	0
1926	2
1927	1
1928	2
1929	2
1930	1
1931	1
1932	1
1933	2
1934	1
1935	1
1936	2
1937	0
1938	0
1939	2
1940	2
1941	2
1942	0
1943	0
1944	1
1945	2
1946	2
1947	2
1948	2
1949	2
1950	0
1951	2
1952	1
1953	0
1954	0
1955	1
1956	2
1957	1
1958	1
1959	1
1960	2
1961	2
1962	0
1963	0
1964	1
1965	1
1966	2
1967	0
1968	0
1969	0
1970	1
1971	2
1972	2
1973	2
1974	1
1975	2
1976	0
1977	2
1978	0
1979	2
1980	0
1981	1
1982	2
1983	2
1984	0
1985	1
1986	2
1987	1
1988	2
1989	1
1990	1
1991	2
1992	2
1993	1
1994	1
1995	1
1996	2
1997	0
1998	1
1999	1
