index	prediction
0	1
1	0
2	2
3	1
4	1
5	1
6	1
7	1
8	2
9	1
10	0
11	0
12	0
13	2
14	0
15	0
16	0
17	1
18	0
19	0
20	1
21	0
22	0
23	1
24	1
25	2
26	2
27	1
28	1
29	1
30	0
31	2
32	1
33	0
34	1
35	0
36	0
37	2
38	2
39	0
40	1
41	2
42	2
43	0
44	1
45	2
46	1
47	2
48	2
49	2
50	1
51	1
52	0
53	1
54	1
55	2
56	1
57	1
58	2
59	1
60	0
61	1
62	1
63	2
64	1
65	1
66	1
67	0
68	1
69	0
70	2
71	1
72	2
73	0
74	2
75	1
76	1
77	2
78	0
79	0
80	2
81	0
82	2
83	0
84	1
85	2
86	1
87	0
88	1
89	0
90	1
91	1
92	1
93	2
94	1
95	1
96	1
97	2
98	0
99	1
100	1
101	1
102	1
103	0
104	1
105	2
106	0
107	0
108	1
109	2
110	0
111	0
112	2
113	0
114	2
115	1
116	2
117	0
118	1
119	2
120	0
121	2
122	1
123	2
124	2
125	0
126	0
127	1
128	1
129	2
130	1
131	1
132	1
133	2
134	2
135	0
136	0
137	0
138	1
139	2
140	2
141	0
142	1
143	1
144	2
145	2
146	0
147	0
148	2
149	1
150	2
151	2
152	2
153	1
154	2
155	1
156	1
157	2
158	1
159	0
160	2
161	0
162	2
163	0
164	0
165	1
166	0
167	0
168	0
169	2
170	0
171	1
172	2
173	1
174	1
175	0
176	1
177	2
178	2
179	2
180	2
181	0
182	0
183	1
184	2
185	1
186	2
187	1
188	0
189	1
190	1
191	2
192	0
193	0
194	0
195	1
196	1
197	2
198	2
199	1
200	2
201	2
202	2
203	2
204	2
205	0
206	1
207	2
208	2
209	0
210	2
211	2
212	1
213	2
214	2
215	1
216	0
217	2
218	2
219	0
220	2
221	2
222	2
223	1
224	0
225	1
226	0
227	1
228	2
229	0
230	1
231	1
232	1
233	2
234	1
235	1
236	0
237	1
238	1
239	2
240	1
241	2
242	2
243	1
244	2
245	2
246	2
247	0
248	1
249	1
250	0
251	1
252	2
253	1
254	1
255	2
256	1
257	0
258	1
259	0
260	2
261	1
262	2
263	0
264	1
265	0
266	1
267	1
268	1
269	1
270	0
271	0
272	2
273	0
274	2
275	2
276	2
277	0
278	0
279	1
280	0
281	0
282	2
283	1
284	0
285	1
286	1
287	1
288	1
289	2
290	1
291	1
292	2
293	2
294	1
295	2
296	1
297	2
298	2
299	2
300	0
301	2
302	1
303	0
304	2
305	2
306	1
307	2
308	1
309	0
310	2
311	2
312	2
313	0
314	1
315	0
316	0
317	0
318	1
319	0
320	2
321	2
322	2
323	2
324	2
325	0
326	1
327	2
328	2
329	2
330	2
331	2
332	0
333	0
334	0
335	0
336	0
337	2
338	2
339	1
340	0
341	2
342	2
343	2
344	0
345	1
346	0
347	0
348	0
349	1
350	1
351	1
352	2
353	0
354	0
355	1
356	2
357	0
358	2
359	2
360	0
361	2
362	2
363	2
364	0
365	2
366	0
367	1
368	2
369	1
370	2
371	2
372	2
373	1
374	1
375	2
376	2
377	1
378	2
379	2
380	1
381	2
382	2
383	0
384	2
385	0
386	0
387	0
388	0
389	2
390	0
391	0
392	1
393	0
394	1
395	2
396	1
397	2
398	1
399	1
400	2
401	2
402	2
403	2
404	0
405	0
406	1
407	0
408	1
409	1
410	1
411	1
412	0
413	2
414	0
415	0
416	2
417	1
418	0
419	1
420	2
421	1
422	1
423	1
424	2
425	1
426	1
427	2
428	0
429	2
430	1
431	2
432	0
433	0
434	1
435	0
436	2
437	2
438	2
439	1
440	0
441	1
442	1
443	1
444	1
445	2
446	0
447	0
448	0
449	2
450	1
451	1
452	2
453	1
454	0
455	1
456	1
457	0
458	1
459	2
460	1
461	1
462	1
463	1
464	1
465	1
466	2
467	2
468	2
469	2
470	1
471	1
472	1
473	1
474	2
475	2
476	2
477	0
478	2
479	2
480	2
481	0
482	1
483	1
484	1
485	0
486	0
487	2
488	1
489	2
490	1
491	2
492	1
493	2
494	1
495	0
496	2
497	2
498	0
499	0
500	2
501	1
502	2
503	0
504	1
505	0
506	0
507	2
508	0
509	2
510	1
511	2
512	0
513	1
514	1
515	1
516	1
517	2
518	0
519	0
520	2
521	0
522	1
523	0
524	2
525	2
526	0
527	2
528	0
529	1
530	2
531	2
532	2
533	2
534	1
535	2
536	0
537	2
538	0
539	0
540	2
541	2
542	1
543	1
544	2
545	0
546	2
547	0
548	2
549	1
550	2
551	1
552	0
553	1
554	1
555	0
556	1
557	2
558	1
559	0
560	2
561	1
562	1
563	1
564	1
565	0
566	0
567	0
568	0
569	0
570	1
571	1
572	2
573	2
574	0
575	0
576	1
577	1
578	1
579	0
580	2
581	1
582	0
583	1
584	0
585	1
586	1
587	2
588	1
589	2
590	0
591	2
592	0
593	1
594	2
595	2
596	0
597	0
598	1
599	1
600	1
601	2
602	1
603	2
604	0
605	0
606	1
607	2
608	0
609	2
610	1
611	1
612	2
613	2
614	2
615	2
616	2
617	0
618	1
619	0
620	2
621	1
622	0
623	2
624	0
625	2
626	0
627	2
628	0
629	2
630	2
631	2
632	1
633	2
634	0
635	2
636	1
637	2
638	1
639	0
640	0
641	1
642	2
643	2
644	2
645	2
646	2
647	0
648	1
649	1
650	0
651	2
652	1
653	1
654	1
655	2
656	2
657	1
658	1
659	1
660	2
661	1
662	2
663	0
664	0
665	2
666	1
667	2
668	2
669	1
670	1
671	0
672	2
673	0
674	2
675	1
676	0
677	2
678	0
679	1
680	1
681	1
682	0
683	2
684	1
685	1
686	2
687	0
688	2
689	0
690	0
691	0
692	0
693	0
694	2
695	0
696	1
697	0
698	0
699	2
700	2
701	1
702	2
703	1
704	1
705	2
706	0
707	2
708	1
709	2
710	1
711	0
712	1
713	2
714	2
715	1
716	1
717	1
718	2
719	0
720	1
721	1
722	1
723	1
724	1
725	2
726	2
727	0
728	1
729	2
730	1
731	0
732	0
733	2
734	0
735	0
736	1
737	2
738	2
739	2
740	1
741	1
742	2
743	1
744	2
745	1
746	1
747	2
748	1
749	1
750	1
751	2
752	0
753	0
754	0
755	1
756	1
757	1
758	2
759	1
760	0
761	2
762	0
763	2
764	0
765	1
766	1
767	2
768	1
769	0
770	0
771	2
772	0
773	2
774	0
775	0
776	1
777	2
778	2
779	0
780	2
781	2
782	1
783	0
784	2
785	1
786	0
787	0
788	2
789	2
790	1
791	0
792	1
793	2
794	1
795	1
796	1
797	1
798	1
799	2
800	1
801	2
802	1
803	2
804	1
805	1
806	0
807	1
808	1
809	2
810	1
811	1
812	1
813	0
814	0
815	2
816	1
817	2
818	1
819	1
820	0
821	2
822	1
823	1
824	1
825	0
826	1
827	0
828	0
829	2
830	2
831	0
832	1
833	1
834	1
835	1
836	1
837	0
838	2
839	0
840	0
841	0
842	2
843	0
844	1
845	1
846	2
847	2
848	0
849	1
850	1
851	2
852	0
853	1
854	0
855	2
856	1
857	0
858	2
859	2
860	2
861	2
862	2
863	0
864	2
865	1
866	0
867	0
868	0
869	0
870	2
871	1
872	2
873	0
874	1
875	0
876	2
877	0
878	1
879	0
880	2
881	2
882	1
883	2
884	0
885	0
886	1
887	1
888	0
889	1
890	1
891	1
892	2
893	1
894	1
895	1
896	2
897	2
898	1
899	1
900	0
901	1
902	0
903	0
904	1
905	2
906	0
907	1
908	0
909	1
910	1
911	0
912	0
913	0
914	1
915	0
916	2
917	1
918	0
919	0
920	0
921	1
922	0
923	1
924	2
925	1
926	1
927	0
928	1
929	0
930	0
931	2
932	0
933	1
934	0
935	2
936	1
937	1
938	1
939	1
940	1
941	1
942	2
943	0
944	0
945	0
946	0
947	0
948	1
949	1
950	1
951	2
952	2
953	2
954	2
955	0
956	2
957	2
958	2
959	2
960	1
961	2
962	2
963	2
964	0
965	2
966	1
967	1
968	2
969	1
970	0
971	2
972	0
973	2
974	2
975	1
976	1
977	0
978	0
979	2
980	1
981	0
982	0
983	0
984	2
985	1
986	2
987	0
988	2
989	2
990	0
991	0
992	2
993	0
994	1
995	1
996	1
997	1
998	0
999	1
1000	1
1001	1
1002	1
1003	2
1004	0
1005	1
1006	2
1007	2
1008	2
1009	2
1010	1
1011	2
1012	1
1013	2
1014	2
1015	1
1016	1
1017	1
1018	1
1019	2
1020	0
1021	2
1022	1
1023	0
1024	1
1025	2
1026	2
1027	1
1028	2
1029	1
1030	1
1031	1
1032	2
1033	2
1034	1
1035	1
1036	2
1037	1
1038	2
1039	1
1040	2
1041	2
1042	1
1043	1
1044	1
1045	2
1046	1
1047	1
1048	0
1049	0
1050	2
1051	0
1052	0
1053	0
1054	1
1055	0
1056	2
1057	0
1058	1
1059	1
1060	1
1061	1
1062	0
1063	2
1064	1
1065	1
1066	1
1067	1
1068	2
1069	1
1070	1
1071	1
1072	1
1073	2
1074	2
1075	1
1076	0
1077	1
1078	1
1079	1
1080	1
1081	1
1082	2
1083	1
1084	1
1085	1
1086	2
1087	2
1088	2
1089	1
1090	0
1091	0
1092	1
1093	0
1094	1
1095	0
1096	1
1097	0
1098	2
1099	2
1100	2
1101	1
1102	2
1103	1
1104	2
1105	2
1106	0
1107	1
1108	1
1109	2
1110	2
1111	1
1112	2
1113	1
1114	2
1115	1
1116	2
1117	1
1118	1
1119	2
1120	1
1121	0
1122	0
1123	1
1124	2
1125	2
1126	2
1127	2
1128	0
1129	2
1130	1
1131	0
1132	0
1133	1
1134	2
1135	1
1136	1
1137	1
1138	1
1139	2
1140	2
1141	1
1142	0
1143	1
1144	1
1145	2
1146	1
1147	1
1148	1
1149	1
1150	1
1151	0
1152	0
1153	0
1154	2
1155	2
1156	0
1157	1
1158	1
1159	0
1160	2
1161	1
1162	1
1163	1
1164	0
1165	1
1166	2
1167	1
1168	1
1169	1
1170	1
1171	2
1172	0
1173	0
1174	2
1175	0
1176	0
1177	0
1178	2
1179	0
1180	2
1181	1
1182	0
1183	1
1184	1
1185	2
1186	2
1187	1
1188	0
1189	0
1190	2
1191	0
1192	0
1193	2
1194	0
1195	0
1196	2
1197	2
1198	0
1199	2
1200	1
1201	2
1202	2
1203	2
1204	1
1205	0
1206	0
1207	1
1208	1
1209	0
1210	1
1211	1
1212	0
1213	2
1214	2
1215	1
1216	1
1217	2
1218	2
1219	0
1220	1
1221	0
1222	1
1223	1
1224	0
1225	2
1226	2
1227	1
1228	0
1229	2
1230	0
1231	2
1232	2
1233	0
1234	0
1235	0
1236	0
1237	2
1238	0
1239	0
1240	1
1241	0
1242	2
1243	2
1244	2
1245	0
1246	1
1247	2
1248	1
1249	2
1250	2
1251	2
1252	1
1253	0
1254	2
1255	2
1256	1
1257	0
1258	1
1259	0
1260	0
1261	0
1262	0
1263	1
1264	1
1265	2
1266	2
1267	2
1268	1
1269	1
1270	1
1271	1
1272	1
1273	0
1274	1
1275	0
1276	2
1277	2
1278	1
1279	0
1280	2
1281	0
1282	0
1283	2
1284	2
1285	1
1286	1
1287	0
1288	0
1289	0
1290	1
1291	1
1292	0
1293	1
1294	2
1295	1
1296	1
1297	1
1298	1
1299	1
1300	0
1301	0
1302	1
1303	2
1304	1
1305	1
1306	1
1307	2
1308	1
1309	0
1310	1
1311	2
1312	2
1313	2
1314	2
1315	1
1316	1
1317	1
1318	1
1319	0
1320	0
1321	2
1322	1
1323	2
1324	2
1325	1
1326	1
1327	2
1328	0
1329	1
1330	2
1331	0
1332	2
1333	2
1334	0
1335	2
1336	1
1337	2
1338	1
1339	1
1340	2
1341	0
1342	1
1343	1
1344	1
1345	1
1346	2
1347	1
1348	0
1349	2
1350	1
1351	1
1352	0
1353	0
1354	1
1355	0
1356	0
1357	0
1358	0
1359	0
1360	1
1361	2
1362	2
1363	1
1364	0
1365	0
1366	1
1367	2
1368	0
1369	0
1370	1
1371	2
1372	2
1373	2
1374	2
1375	0
1376	1
1377	1
1378	2
1379	0
1380	1
1381	1
1382	0
1383	1
1384	2
1385	1
1386	1
1387	0
1388	0
1389	0
1390	1
1391	1
1392	2
1393	2
1394	0
1395	2
1396	2
1397	0
1398	1
1399	0
1400	0
1401	2
1402	1
1403	0
1404	1
1405	1
1406	0
1407	1
1408	0
1409	2
1410	2
1411	0
1412	0
1413	0
1414	1
1415	2
1416	1
1417	2
1418	0
1419	1
1420	1
1421	1
1422	0
1423	1
1424	2
1425	0
1426	1
1427	2
1428	1
1429	0
1430	2
1431	0
1432	1
1433	2
1434	0
1435	0
1436	0
1437	0
1438	2
1439	2
1440	2
1441	2
1442	1
1443	1
1444	2
1445	2
1446	0
1447	2
1448	2
1449	0
1450	0
1451	2
1452	0
1453	2
1454	0
1455	0
1456	1
1457	1
1458	0
1459	1
1460	0
1461	2
1462	0
1463	2
1464	1
1465	2
1466	1
1467	1
1468	1
1469	0
1470	2
1471	0
1472	2
1473	2
1474	2
1475	1
1476	1
1477	1
1478	2
1479	0
1480	2
1481	1
1482	0
1483	0
1484	1
1485	0
1486	0
1487	1
1488	2
1489	0
1490	1
1491	2
1492	0
1493	0
1494	0
1495	0
1496	2
1497	0
1498	1
1499	1
1500	2
1501	2
1502	1
1503	0
1504	1
1505	1
1506	0
1507	0
1508	2
1509	0
1510	0
1511	1
1512	0
1513	1
1514	0
1515	1
1516	1
1517	1
1518	2
1519	1
1520	0
1521	1
1522	1
1523	1
1524	2
1525	1
1526	1
1527	1
1528	1
1529	0
1530	1
1531	1
1532	2
1533	0
1534	0
1535	2
1536	1
1537	2
1538	0
1539	2
1540	2
1541	1
1542	2
1543	1
1544	1
1545	2
1546	1
1547	0
1548	1
1549	2
1550	2
1551	0
1552	0
1553	1
1554	2
1555	1
1556	1
1557	0
1558	0
1559	1
1560	0
1561	0
1562	2
1563	1
1564	1
1565	2
1566	1
1567	2
1568	0
1569	1
1570	0
1571	2
1572	1
1573	2
1574	2
1575	2
1576	2
1577	0
1578	1
1579	1
1580	0
1581	1
1582	2
1583	1
1584	1
1585	0
1586	2
1587	0
1588	0
1589	1
1590	2
1591	1
1592	2
1593	2
1594	0
1595	0
1596	2
1597	0
1598	1
1599	2
1600	2
1601	0
1602	1
1603	2
1604	0
1605	1
1606	2
1607	0
1608	1
1609	2
1610	0
1611	2
1612	2
1613	2
1614	2
1615	2
1616	1
1617	1
1618	0
1619	0
1620	2
1621	2
1622	2
1623	0
1624	1
1625	1
1626	0
1627	0
1628	1
1629	2
1630	1
1631	1
1632	0
1633	1
1634	0
1635	0
1636	2
1637	2
1638	1
1639	2
1640	1
1641	1
1642	2
1643	1
1644	0
1645	1
1646	2
1647	2
1648	1
1649	0
1650	2
1651	2
1652	0
1653	2
1654	1
1655	1
1656	1
1657	2
1658	0
1659	0
1660	1
1661	0
1662	2
1663	2
1664	0
1665	0
1666	0
1667	1
1668	2
1669	2
1670	2
1671	1
1672	2
1673	2
1674	2
1675	2
1676	1
1677	1
1678	0
1679	2
1680	0
1681	1
1682	1
1683	2
1684	0
1685	2
1686	0
1687	0
1688	0
1689	1
1690	2
1691	1
1692	0
1693	0
1694	2
1695	1
1696	1
1697	2
1698	0
1699	1
1700	2
1701	1
1702	2
1703	0
1704	1
1705	2
1706	1
1707	0
1708	1
1709	2
1710	0
1711	2
1712	2
1713	1
1714	0
1715	1
1716	1
1717	1
1718	1
1719	0
1720	2
1721	1
1722	2
1723	0
1724	0
1725	1
1726	2
1727	1
1728	0
1729	1
1730	0
1731	2
1732	2
1733	0
1734	1
1735	1
1736	0
1737	2
1738	2
1739	2
1740	0
1741	0
1742	0
1743	0
1744	2
1745	0
1746	1
1747	1
1748	2
1749	1
1750	2
1751	1
1752	2
1753	0
1754	1
1755	2
1756	2
1757	0
1758	1
1759	2
1760	1
1761	2
1762	2
1763	2
1764	1
1765	2
1766	2
1767	2
1768	1
1769	1
1770	2
1771	2
1772	0
1773	2
1774	2
1775	0
1776	1
1777	0
1778	2
1779	1
1780	0
1781	0
1782	2
1783	1
1784	0
1785	2
1786	0
1787	2
1788	2
1789	1
1790	1
1791	1
1792	2
1793	0
1794	1
1795	0
1796	0
1797	0
1798	1
1799	2
1800	1
1801	0
1802	2
1803	2
1804	2
1805	2
1806	2
1807	1
1808	1
1809	2
1810	2
1811	0
1812	2
1813	2
1814	0
1815	2
1816	2
1817	2
1818	0
1819	1
1820	0
1821	1
1822	1
1823	0
1824	2
1825	2
1826	0
1827	0
1828	2
1829	0
1830	0
1831	0
1832	2
1833	2
1834	1
1835	2
1836	2
1837	2
1838	0
1839	0
1840	2
1841	0
1842	0
1843	0
1844	1
1845	1
1846	2
1847	2
1848	1
1849	2
1850	0
1851	1
1852	0
1853	1
1854	2
1855	2
1856	0
1857	0
1858	0
1859	1
1860	1
1861	2
1862	2
1863	0
1864	2
1865	0
1866	2
1867	1
1868	0
1869	2
1870	2
1871	1
1872	1
1873	2
1874	1
1875	1
1876	0
1877	1
1878	0
1879	1
1880	1
1881	2
1882	2
1883	0
1884	1
1885	1
1886	2
1887	1
1888	1
1889	0
1890	2
1891	2
1892	1
1893	1
1894	2
1895	1
1896	1
1897	0
1898	0
1899	1
1900	0
1901	1
1902	0
1903	1
1904	2
1905	2
1906	2
1907	2
1908	1
1909	1
1910	1
1911	0
1912	2
1913	1
1914	0
1915	2
1916	1
1917	1
1918	2
1919	1
1920	0
1921	0
1922	1
1923	0
1924	2
1925	2
1926	2
1927	1
1928	2
1929	2
1930	1
1931	1
1932	1
1933	2
1934	2
1935	1
1936	2
1937	0
1938	2
1939	0
1940	2
1941	2
1942	1
1943	1
1944	1
1945	0
1946	2
1947	2
1948	0
1949	0
1950	0
1951	2
1952	0
1953	0
1954	2
1955	1
1956	2
1957	1
1958	1
1959	1
1960	2
1961	1
1962	1
1963	0
1964	1
1965	1
1966	2
1967	1
1968	0
1969	0
1970	1
1971	1
1972	2
1973	2
1974	0
1975	0
1976	0
1977	2
1978	2
1979	2
1980	0
1981	2
1982	0
1983	1
1984	1
1985	2
1986	0
1987	1
1988	2
1989	2
1990	1
1991	2
1992	2
1993	1
1994	1
1995	1
1996	2
1997	0
1998	0
1999	1
