index	prediction
0	0
1	1
2	1
3	0
4	0
5	0
6	0
7	0
8	1
9	1
10	0
11	1
12	0
13	2
14	0
15	0
16	0
17	1
18	0
19	2
20	1
21	0
22	0
23	1
24	1
25	0
26	2
27	0
28	2
29	0
30	0
31	2
32	1
33	0
34	0
35	0
36	0
37	2
38	0
39	0
40	1
41	2
42	0
43	0
44	0
45	2
46	2
47	2
48	2
49	0
50	1
51	1
52	1
53	0
54	1
55	1
56	0
57	1
58	2
59	2
60	0
61	1
62	1
63	2
64	1
65	1
66	0
67	0
68	2
69	0
70	0
71	1
72	2
73	0
74	2
75	1
76	1
77	0
78	0
79	0
80	0
81	0
82	2
83	0
84	1
85	2
86	1
87	0
88	1
89	0
90	1
91	0
92	0
93	0
94	1
95	0
96	1
97	2
98	0
99	2
100	0
101	1
102	1
103	1
104	0
105	2
106	2
107	0
108	2
109	0
110	2
111	0
112	1
113	2
114	0
115	2
116	2
117	1
118	2
119	2
120	0
121	2
122	2
123	2
124	0
125	0
126	0
127	1
128	1
129	2
130	0
131	2
132	2
133	2
134	2
135	0
136	0
137	0
138	1
139	2
140	2
141	0
142	1
143	1
144	2
145	1
146	0
147	2
148	0
149	2
150	2
151	1
152	2
153	1
154	1
155	1
156	1
157	0
158	0
159	1
160	1
161	0
162	2
163	1
164	1
165	1
166	0
167	0
168	0
169	2
170	1
171	2
172	0
173	1
174	0
175	0
176	0
177	1
178	2
179	1
180	2
181	0
182	0
183	1
184	1
185	0
186	2
187	1
188	0
189	1
190	2
191	2
192	1
193	0
194	0
195	1
196	0
197	0
198	0
199	1
200	2
201	0
202	2
203	0
204	2
205	1
206	1
207	2
208	0
209	1
210	0
211	2
212	1
213	2
214	2
215	0
216	0
217	2
218	0
219	2
220	2
221	1
222	2
223	0
224	0
225	0
226	0
227	1
228	0
229	1
230	0
231	0
232	1
233	1
234	1
235	0
236	1
237	1
238	0
239	0
240	0
241	1
242	1
243	0
244	1
245	1
246	2
247	0
248	1
249	2
250	1
251	1
252	0
253	1
254	0
255	2
256	1
257	0
258	1
259	0
260	2
261	1
262	2
263	0
264	1
265	0
266	1
267	1
268	2
269	1
270	1
271	1
272	1
273	0
274	0
275	2
276	2
277	1
278	1
279	0
280	0
281	0
282	2
283	2
284	0
285	0
286	1
287	0
288	1
289	1
290	1
291	2
292	2
293	2
294	1
295	2
296	2
297	2
298	0
299	0
300	0
301	0
302	1
303	0
304	0
305	1
306	0
307	2
308	0
309	0
310	2
311	2
312	2
313	0
314	0
315	1
316	0
317	1
318	2
319	0
320	2
321	1
322	0
323	2
324	1
325	2
326	1
327	2
328	2
329	2
330	2
331	2
332	0
333	2
334	2
335	0
336	0
337	2
338	2
339	1
340	0
341	1
342	1
343	0
344	0
345	2
346	1
347	0
348	0
349	1
350	0
351	0
352	1
353	0
354	0
355	0
356	1
357	0
358	2
359	0
360	0
361	2
362	0
363	0
364	2
365	2
366	0
367	2
368	0
369	1
370	0
371	0
372	2
373	2
374	1
375	2
376	0
377	1
378	2
379	1
380	0
381	0
382	0
383	0
384	2
385	0
386	2
387	1
388	2
389	2
390	2
391	0
392	1
393	0
394	0
395	0
396	2
397	2
398	0
399	2
400	1
401	2
402	2
403	2
404	0
405	0
406	0
407	0
408	1
409	1
410	0
411	2
412	1
413	0
414	0
415	0
416	2
417	0
418	0
419	1
420	0
421	1
422	1
423	1
424	2
425	0
426	0
427	1
428	0
429	0
430	0
431	0
432	0
433	0
434	1
435	0
436	1
437	2
438	2
439	2
440	0
441	1
442	1
443	1
444	1
445	2
446	1
447	0
448	0
449	1
450	1
451	1
452	2
453	1
454	0
455	0
456	1
457	0
458	0
459	0
460	2
461	0
462	1
463	1
464	1
465	1
466	1
467	2
468	1
469	0
470	0
471	0
472	1
473	1
474	2
475	1
476	0
477	2
478	2
479	2
480	0
481	0
482	1
483	0
484	0
485	0
486	0
487	2
488	1
489	2
490	1
491	2
492	0
493	1
494	1
495	0
496	2
497	0
498	0
499	0
500	1
501	1
502	1
503	1
504	1
505	0
506	0
507	2
508	0
509	2
510	1
511	1
512	0
513	1
514	1
515	0
516	2
517	2
518	0
519	2
520	2
521	0
522	1
523	0
524	0
525	2
526	1
527	2
528	1
529	0
530	2
531	0
532	2
533	0
534	0
535	2
536	0
537	0
538	0
539	0
540	0
541	2
542	0
543	1
544	1
545	0
546	1
547	0
548	1
549	0
550	2
551	0
552	1
553	1
554	1
555	0
556	1
557	1
558	0
559	1
560	2
561	0
562	1
563	1
564	1
565	1
566	1
567	0
568	0
569	0
570	0
571	0
572	0
573	1
574	0
575	0
576	1
577	2
578	2
579	0
580	0
581	0
582	0
583	1
584	0
585	2
586	1
587	0
588	2
589	2
590	0
591	2
592	0
593	0
594	2
595	2
596	0
597	0
598	0
599	2
600	1
601	1
602	2
603	1
604	0
605	1
606	0
607	2
608	0
609	0
610	0
611	1
612	2
613	2
614	0
615	2
616	1
617	1
618	1
619	0
620	2
621	1
622	0
623	1
624	0
625	2
626	0
627	0
628	0
629	0
630	1
631	0
632	2
633	0
634	1
635	2
636	0
637	0
638	2
639	0
640	0
641	1
642	0
643	0
644	2
645	0
646	2
647	1
648	0
649	0
650	2
651	1
652	1
653	0
654	1
655	1
656	2
657	1
658	1
659	0
660	0
661	1
662	0
663	2
664	0
665	2
666	0
667	1
668	0
669	1
670	2
671	0
672	2
673	0
674	0
675	0
676	0
677	2
678	0
679	1
680	1
681	1
682	0
683	0
684	1
685	1
686	0
687	0
688	2
689	0
690	0
691	0
692	2
693	1
694	0
695	0
696	0
697	0
698	2
699	2
700	0
701	1
702	0
703	2
704	1
705	0
706	0
707	2
708	1
709	0
710	2
711	0
712	1
713	2
714	2
715	1
716	1
717	1
718	0
719	1
720	0
721	1
722	1
723	1
724	1
725	2
726	2
727	1
728	2
729	1
730	1
731	1
732	0
733	0
734	1
735	0
736	1
737	2
738	2
739	1
740	0
741	2
742	0
743	1
744	2
745	1
746	0
747	1
748	0
749	0
750	0
751	2
752	0
753	0
754	1
755	1
756	1
757	0
758	0
759	2
760	1
761	0
762	0
763	2
764	2
765	2
766	1
767	2
768	0
769	0
770	0
771	2
772	1
773	0
774	1
775	0
776	1
777	0
778	1
779	0
780	0
781	0
782	1
783	0
784	0
785	1
786	0
787	0
788	2
789	0
790	0
791	1
792	1
793	0
794	0
795	2
796	1
797	1
798	1
799	2
800	1
801	0
802	1
803	1
804	0
805	1
806	0
807	1
808	0
809	0
810	1
811	1
812	1
813	0
814	0
815	0
816	1
817	0
818	0
819	0
820	0
821	2
822	0
823	1
824	2
825	0
826	0
827	1
828	2
829	1
830	2
831	0
832	1
833	1
834	1
835	1
836	1
837	0
838	0
839	0
840	0
841	0
842	0
843	0
844	0
845	1
846	2
847	1
848	0
849	0
850	1
851	2
852	1
853	1
854	0
855	1
856	1
857	0
858	1
859	2
860	0
861	1
862	0
863	0
864	0
865	1
866	0
867	0
868	0
869	0
870	2
871	0
872	0
873	0
874	0
875	0
876	2
877	0
878	1
879	0
880	1
881	0
882	0
883	0
884	0
885	0
886	0
887	0
888	0
889	1
890	1
891	1
892	2
893	1
894	0
895	0
896	0
897	0
898	1
899	1
900	0
901	0
902	0
903	0
904	0
905	0
906	0
907	1
908	1
909	0
910	1
911	0
912	0
913	0
914	1
915	0
916	2
917	0
918	0
919	0
920	0
921	1
922	0
923	1
924	0
925	1
926	2
927	1
928	0
929	1
930	1
931	2
932	0
933	0
934	0
935	0
936	1
937	0
938	2
939	1
940	0
941	1
942	2
943	0
944	1
945	0
946	0
947	0
948	2
949	2
950	1
951	1
952	2
953	2
954	2
955	0
956	2
957	0
958	2
959	2
960	2
961	0
962	1
963	0
964	0
965	2
966	1
967	0
968	0
969	1
970	0
971	0
972	1
973	2
974	2
975	0
976	1
977	0
978	1
979	2
980	1
981	0
982	0
983	1
984	0
985	2
986	2
987	0
988	0
989	0
990	2
991	0
992	1
993	1
994	2
995	1
996	2
997	0
998	1
999	2
1000	0
1001	1
1002	2
1003	1
1004	1
1005	0
1006	2
1007	2
1008	1
1009	0
1010	1
1011	0
1012	1
1013	2
1014	2
1015	1
1016	0
1017	0
1018	1
1019	2
1020	1
1021	2
1022	1
1023	0
1024	1
1025	1
1026	2
1027	1
1028	0
1029	1
1030	1
1031	0
1032	2
1033	2
1034	1
1035	1
1036	2
1037	0
1038	2
1039	1
1040	0
1041	1
1042	1
1043	0
1044	1
1045	2
1046	1
1047	1
1048	0
1049	2
1050	0
1051	0
1052	0
1053	0
1054	1
1055	1
1056	0
1057	0
1058	1
1059	1
1060	0
1061	1
1062	0
1063	2
1064	1
1065	1
1066	1
1067	2
1068	0
1069	1
1070	0
1071	0
1072	0
1073	2
1074	0
1075	1
1076	1
1077	1
1078	0
1079	0
1080	0
1081	2
1082	2
1083	1
1084	1
1085	0
1086	2
1087	2
1088	1
1089	2
1090	2
1091	0
1092	1
1093	1
1094	2
1095	0
1096	1
1097	0
1098	2
1099	0
1100	2
1101	1
1102	1
1103	1
1104	1
1105	1
1106	0
1107	0
1108	1
1109	0
1110	0
1111	1
1112	2
1113	0
1114	0
1115	2
1116	1
1117	1
1118	1
1119	1
1120	1
1121	0
1122	0
1123	1
1124	2
1125	0
1126	2
1127	2
1128	2
1129	2
1130	0
1131	0
1132	0
1133	1
1134	2
1135	1
1136	0
1137	1
1138	0
1139	0
1140	1
1141	1
1142	0
1143	0
1144	1
1145	2
1146	1
1147	1
1148	1
1149	1
1150	1
1151	1
1152	1
1153	1
1154	2
1155	1
1156	0
1157	1
1158	0
1159	2
1160	1
1161	0
1162	1
1163	1
1164	0
1165	1
1166	0
1167	0
1168	0
1169	0
1170	1
1171	1
1172	0
1173	0
1174	2
1175	1
1176	0
1177	1
1178	2
1179	0
1180	2
1181	0
1182	0
1183	1
1184	2
1185	1
1186	0
1187	0
1188	0
1189	2
1190	2
1191	0
1192	0
1193	2
1194	0
1195	0
1196	2
1197	2
1198	2
1199	2
1200	1
1201	2
1202	1
1203	1
1204	1
1205	0
1206	1
1207	0
1208	0
1209	0
1210	0
1211	2
1212	1
1213	0
1214	0
1215	0
1216	1
1217	2
1218	2
1219	2
1220	0
1221	2
1222	1
1223	0
1224	0
1225	2
1226	0
1227	1
1228	1
1229	0
1230	1
1231	0
1232	0
1233	0
1234	0
1235	1
1236	0
1237	2
1238	1
1239	0
1240	0
1241	0
1242	0
1243	2
1244	0
1245	0
1246	2
1247	2
1248	0
1249	2
1250	0
1251	0
1252	1
1253	0
1254	2
1255	2
1256	1
1257	0
1258	1
1259	1
1260	0
1261	0
1262	0
1263	0
1264	1
1265	2
1266	0
1267	0
1268	1
1269	0
1270	1
1271	0
1272	0
1273	1
1274	1
1275	0
1276	0
1277	2
1278	1
1279	0
1280	2
1281	0
1282	0
1283	0
1284	0
1285	0
1286	0
1287	0
1288	0
1289	1
1290	0
1291	0
1292	0
1293	0
1294	2
1295	0
1296	2
1297	1
1298	0
1299	1
1300	1
1301	0
1302	1
1303	2
1304	2
1305	1
1306	0
1307	2
1308	0
1309	0
1310	2
1311	2
1312	2
1313	0
1314	2
1315	1
1316	0
1317	1
1318	1
1319	0
1320	0
1321	2
1322	1
1323	0
1324	0
1325	1
1326	2
1327	0
1328	0
1329	0
1330	2
1331	0
1332	2
1333	1
1334	0
1335	0
1336	0
1337	1
1338	1
1339	1
1340	1
1341	0
1342	1
1343	0
1344	0
1345	1
1346	1
1347	0
1348	0
1349	2
1350	1
1351	1
1352	0
1353	0
1354	2
1355	0
1356	1
1357	0
1358	0
1359	1
1360	0
1361	1
1362	2
1363	0
1364	0
1365	0
1366	0
1367	0
1368	0
1369	2
1370	1
1371	2
1372	0
1373	2
1374	1
1375	0
1376	2
1377	0
1378	0
1379	0
1380	2
1381	1
1382	0
1383	1
1384	2
1385	1
1386	1
1387	0
1388	0
1389	0
1390	0
1391	1
1392	0
1393	1
1394	0
1395	0
1396	2
1397	0
1398	2
1399	0
1400	0
1401	0
1402	1
1403	0
1404	1
1405	2
1406	0
1407	0
1408	2
1409	1
1410	1
1411	0
1412	0
1413	2
1414	0
1415	1
1416	0
1417	0
1418	0
1419	0
1420	0
1421	1
1422	0
1423	1
1424	0
1425	1
1426	0
1427	0
1428	1
1429	0
1430	0
1431	0
1432	2
1433	1
1434	2
1435	0
1436	0
1437	0
1438	2
1439	1
1440	1
1441	2
1442	1
1443	1
1444	2
1445	2
1446	0
1447	2
1448	1
1449	1
1450	0
1451	2
1452	2
1453	1
1454	0
1455	0
1456	0
1457	0
1458	2
1459	1
1460	1
1461	0
1462	0
1463	0
1464	1
1465	2
1466	1
1467	1
1468	1
1469	2
1470	0
1471	1
1472	1
1473	2
1474	0
1475	1
1476	1
1477	1
1478	0
1479	0
1480	0
1481	1
1482	0
1483	0
1484	0
1485	1
1486	0
1487	1
1488	0
1489	1
1490	1
1491	2
1492	2
1493	0
1494	0
1495	1
1496	0
1497	0
1498	1
1499	2
1500	0
1501	1
1502	1
1503	0
1504	0
1505	1
1506	1
1507	0
1508	2
1509	1
1510	0
1511	1
1512	1
1513	0
1514	0
1515	0
1516	0
1517	0
1518	2
1519	0
1520	0
1521	1
1522	1
1523	1
1524	0
1525	0
1526	0
1527	0
1528	1
1529	0
1530	1
1531	1
1532	1
1533	1
1534	0
1535	0
1536	0
1537	2
1538	0
1539	2
1540	2
1541	1
1542	0
1543	0
1544	2
1545	2
1546	1
1547	0
1548	0
1549	2
1550	2
1551	0
1552	0
1553	1
1554	2
1555	0
1556	1
1557	1
1558	0
1559	2
1560	0
1561	0
1562	2
1563	1
1564	1
1565	0
1566	1
1567	2
1568	0
1569	1
1570	0
1571	2
1572	2
1573	1
1574	1
1575	2
1576	1
1577	0
1578	2
1579	1
1580	0
1581	0
1582	0
1583	1
1584	2
1585	0
1586	0
1587	2
1588	0
1589	0
1590	2
1591	0
1592	2
1593	0
1594	0
1595	0
1596	0
1597	2
1598	1
1599	2
1600	2
1601	2
1602	0
1603	2
1604	0
1605	0
1606	0
1607	0
1608	0
1609	1
1610	0
1611	0
1612	2
1613	2
1614	1
1615	0
1616	2
1617	2
1618	0
1619	2
1620	1
1621	0
1622	2
1623	1
1624	1
1625	2
1626	0
1627	0
1628	0
1629	0
1630	0
1631	1
1632	1
1633	0
1634	0
1635	0
1636	0
1637	2
1638	0
1639	2
1640	1
1641	1
1642	1
1643	1
1644	0
1645	0
1646	0
1647	0
1648	0
1649	2
1650	2
1651	1
1652	0
1653	2
1654	1
1655	1
1656	2
1657	2
1658	0
1659	1
1660	0
1661	0
1662	0
1663	2
1664	1
1665	0
1666	0
1667	0
1668	2
1669	0
1670	1
1671	1
1672	2
1673	0
1674	2
1675	2
1676	0
1677	1
1678	0
1679	2
1680	0
1681	1
1682	1
1683	0
1684	1
1685	1
1686	1
1687	0
1688	0
1689	1
1690	2
1691	0
1692	1
1693	0
1694	1
1695	1
1696	1
1697	2
1698	0
1699	1
1700	2
1701	1
1702	2
1703	0
1704	0
1705	2
1706	0
1707	1
1708	0
1709	0
1710	0
1711	1
1712	0
1713	1
1714	0
1715	0
1716	0
1717	1
1718	1
1719	0
1720	0
1721	0
1722	2
1723	1
1724	0
1725	2
1726	2
1727	1
1728	1
1729	2
1730	0
1731	2
1732	1
1733	2
1734	1
1735	0
1736	0
1737	2
1738	0
1739	2
1740	2
1741	0
1742	0
1743	0
1744	1
1745	0
1746	0
1747	0
1748	2
1749	1
1750	0
1751	1
1752	1
1753	0
1754	0
1755	0
1756	0
1757	0
1758	2
1759	2
1760	1
1761	2
1762	2
1763	1
1764	0
1765	2
1766	2
1767	2
1768	1
1769	0
1770	0
1771	0
1772	0
1773	0
1774	2
1775	1
1776	1
1777	2
1778	2
1779	0
1780	0
1781	2
1782	2
1783	0
1784	1
1785	2
1786	0
1787	2
1788	2
1789	1
1790	0
1791	1
1792	0
1793	1
1794	1
1795	0
1796	0
1797	1
1798	1
1799	1
1800	2
1801	0
1802	2
1803	2
1804	2
1805	2
1806	2
1807	1
1808	1
1809	2
1810	2
1811	0
1812	2
1813	0
1814	0
1815	1
1816	2
1817	1
1818	0
1819	1
1820	0
1821	0
1822	1
1823	1
1824	2
1825	0
1826	2
1827	0
1828	2
1829	0
1830	0
1831	2
1832	2
1833	0
1834	1
1835	0
1836	0
1837	0
1838	0
1839	1
1840	2
1841	0
1842	0
1843	0
1844	1
1845	0
1846	2
1847	0
1848	0
1849	2
1850	2
1851	2
1852	0
1853	0
1854	0
1855	0
1856	0
1857	0
1858	1
1859	0
1860	0
1861	1
1862	2
1863	0
1864	1
1865	0
1866	2
1867	0
1868	0
1869	2
1870	0
1871	0
1872	0
1873	2
1874	1
1875	1
1876	0
1877	1
1878	0
1879	1
1880	0
1881	0
1882	2
1883	0
1884	1
1885	0
1886	0
1887	2
1888	1
1889	0
1890	1
1891	1
1892	2
1893	1
1894	1
1895	1
1896	2
1897	2
1898	0
1899	1
1900	0
1901	2
1902	2
1903	1
1904	2
1905	0
1906	2
1907	0
1908	1
1909	1
1910	1
1911	0
1912	0
1913	1
1914	0
1915	1
1916	0
1917	1
1918	2
1919	1
1920	0
1921	0
1922	0
1923	0
1924	2
1925	0
1926	2
1927	1
1928	0
1929	2
1930	1
1931	1
1932	1
1933	2
1934	2
1935	1
1936	2
1937	0
1938	2
1939	2
1940	1
1941	1
1942	0
1943	0
1944	1
1945	1
1946	2
1947	0
1948	0
1949	0
1950	0
1951	2
1952	1
1953	0
1954	0
1955	0
1956	2
1957	1
1958	0
1959	1
1960	1
1961	0
1962	0
1963	0
1964	0
1965	1
1966	2
1967	0
1968	0
1969	0
1970	0
1971	2
1972	1
1973	2
1974	1
1975	2
1976	0
1977	2
1978	0
1979	2
1980	0
1981	1
1982	0
1983	1
1984	0
1985	0
1986	0
1987	1
1988	2
1989	2
1990	0
1991	2
1992	0
1993	2
1994	1
1995	0
1996	0
1997	0
1998	0
1999	2
