index	prediction
0	1
1	1
2	2
3	0
4	1
5	0
6	1
7	0
8	2
9	0
10	2
11	0
12	0
13	0
14	0
15	0
16	2
17	1
18	0
19	1
20	2
21	1
22	0
23	1
24	1
25	2
26	2
27	0
28	0
29	0
30	0
31	2
32	1
33	2
34	0
35	1
36	0
37	2
38	0
39	0
40	2
41	2
42	2
43	0
44	2
45	2
46	0
47	2
48	2
49	2
50	1
51	1
52	1
53	0
54	2
55	2
56	1
57	1
58	2
59	1
60	1
61	0
62	0
63	2
64	1
65	0
66	0
67	1
68	1
69	0
70	1
71	2
72	2
73	0
74	0
75	1
76	1
77	2
78	1
79	0
80	2
81	0
82	2
83	0
84	2
85	2
86	1
87	1
88	2
89	0
90	0
91	1
92	0
93	2
94	2
95	1
96	1
97	1
98	1
99	2
100	1
101	0
102	1
103	0
104	2
105	2
106	2
107	0
108	1
109	2
110	0
111	0
112	2
113	2
114	2
115	1
116	2
117	0
118	1
119	2
120	0
121	2
122	1
123	0
124	2
125	0
126	1
127	1
128	1
129	2
130	0
131	1
132	1
133	2
134	2
135	0
136	0
137	1
138	1
139	2
140	1
141	0
142	1
143	2
144	2
145	1
146	0
147	0
148	2
149	0
150	2
151	0
152	2
153	1
154	2
155	1
156	1
157	0
158	1
159	1
160	2
161	0
162	2
163	0
164	1
165	1
166	1
167	0
168	0
169	2
170	0
171	1
172	0
173	0
174	2
175	2
176	1
177	2
178	2
179	2
180	2
181	0
182	0
183	1
184	0
185	1
186	2
187	1
188	0
189	2
190	2
191	2
192	0
193	1
194	1
195	1
196	0
197	1
198	2
199	0
200	2
201	0
202	2
203	0
204	2
205	1
206	2
207	2
208	0
209	0
210	2
211	2
212	1
213	2
214	2
215	1
216	0
217	2
218	0
219	2
220	2
221	1
222	0
223	1
224	0
225	1
226	1
227	1
228	2
229	1
230	1
231	2
232	2
233	1
234	2
235	1
236	0
237	1
238	1
239	2
240	0
241	2
242	1
243	1
244	2
245	2
246	2
247	1
248	1
249	2
250	2
251	1
252	0
253	1
254	1
255	1
256	0
257	0
258	1
259	0
260	0
261	1
262	0
263	1
264	2
265	0
266	1
267	1
268	0
269	1
270	2
271	0
272	2
273	0
274	0
275	0
276	1
277	1
278	0
279	1
280	0
281	0
282	0
283	1
284	2
285	1
286	1
287	0
288	1
289	1
290	1
291	1
292	2
293	2
294	1
295	2
296	1
297	2
298	1
299	1
300	1
301	2
302	1
303	0
304	2
305	0
306	0
307	1
308	2
309	2
310	2
311	2
312	2
313	2
314	0
315	1
316	1
317	0
318	2
319	2
320	2
321	1
322	0
323	2
324	1
325	0
326	0
327	2
328	2
329	0
330	2
331	0
332	0
333	1
334	2
335	2
336	1
337	2
338	2
339	1
340	1
341	0
342	0
343	0
344	2
345	1
346	0
347	0
348	1
349	1
350	1
351	0
352	2
353	1
354	0
355	1
356	2
357	1
358	1
359	0
360	2
361	2
362	2
363	0
364	2
365	2
366	2
367	2
368	0
369	1
370	0
371	2
372	2
373	2
374	2
375	1
376	1
377	0
378	2
379	1
380	1
381	0
382	2
383	2
384	0
385	0
386	0
387	0
388	2
389	2
390	0
391	0
392	1
393	0
394	0
395	2
396	0
397	2
398	1
399	1
400	0
401	2
402	2
403	2
404	2
405	2
406	0
407	1
408	0
409	1
410	1
411	2
412	0
413	1
414	0
415	1
416	2
417	0
418	0
419	2
420	2
421	1
422	1
423	1
424	2
425	1
426	0
427	1
428	0
429	0
430	1
431	0
432	2
433	0
434	1
435	0
436	1
437	2
438	2
439	2
440	1
441	0
442	1
443	2
444	0
445	2
446	0
447	0
448	1
449	0
450	1
451	1
452	2
453	1
454	0
455	0
456	0
457	0
458	1
459	0
460	1
461	0
462	0
463	1
464	0
465	1
466	0
467	2
468	1
469	0
470	0
471	0
472	1
473	1
474	2
475	0
476	2
477	2
478	2
479	2
480	0
481	0
482	1
483	0
484	1
485	2
486	0
487	2
488	2
489	2
490	1
491	2
492	0
493	2
494	2
495	0
496	2
497	1
498	0
499	0
500	1
501	1
502	0
503	0
504	0
505	0
506	0
507	2
508	0
509	2
510	2
511	2
512	0
513	2
514	1
515	1
516	0
517	2
518	0
519	0
520	2
521	2
522	2
523	1
524	1
525	2
526	0
527	2
528	0
529	1
530	1
531	1
532	2
533	2
534	0
535	2
536	0
537	2
538	1
539	0
540	2
541	2
542	0
543	2
544	2
545	0
546	0
547	2
548	2
549	2
550	1
551	1
552	2
553	0
554	0
555	0
556	1
557	0
558	2
559	0
560	0
561	0
562	0
563	1
564	1
565	2
566	1
567	1
568	2
569	0
570	1
571	2
572	0
573	2
574	0
575	0
576	1
577	1
578	2
579	2
580	2
581	2
582	0
583	1
584	0
585	1
586	1
587	2
588	0
589	2
590	0
591	1
592	1
593	0
594	2
595	2
596	1
597	0
598	1
599	2
600	2
601	2
602	2
603	2
604	0
605	0
606	0
607	2
608	0
609	1
610	0
611	0
612	2
613	2
614	0
615	2
616	1
617	1
618	1
619	1
620	2
621	1
622	2
623	2
624	0
625	2
626	0
627	1
628	2
629	2
630	2
631	1
632	2
633	0
634	0
635	2
636	2
637	0
638	1
639	0
640	2
641	0
642	0
643	0
644	2
645	2
646	2
647	0
648	1
649	0
650	1
651	0
652	1
653	0
654	0
655	2
656	2
657	2
658	1
659	1
660	0
661	1
662	0
663	1
664	0
665	2
666	1
667	2
668	2
669	2
670	1
671	2
672	2
673	0
674	0
675	1
676	1
677	1
678	2
679	0
680	1
681	1
682	0
683	0
684	1
685	1
686	0
687	0
688	1
689	0
690	1
691	0
692	2
693	2
694	1
695	1
696	1
697	0
698	2
699	0
700	2
701	1
702	0
703	1
704	2
705	2
706	1
707	0
708	1
709	0
710	2
711	0
712	1
713	2
714	2
715	1
716	1
717	1
718	0
719	0
720	2
721	1
722	1
723	1
724	1
725	2
726	2
727	0
728	0
729	0
730	1
731	1
732	0
733	2
734	0
735	0
736	1
737	0
738	2
739	2
740	1
741	0
742	1
743	0
744	2
745	1
746	0
747	2
748	0
749	2
750	0
751	0
752	0
753	0
754	2
755	1
756	0
757	0
758	2
759	0
760	2
761	2
762	1
763	2
764	2
765	2
766	1
767	2
768	2
769	1
770	0
771	0
772	0
773	0
774	0
775	0
776	0
777	0
778	1
779	0
780	0
781	0
782	1
783	2
784	0
785	1
786	1
787	0
788	2
789	2
790	2
791	2
792	1
793	2
794	0
795	1
796	2
797	1
798	1
799	0
800	1
801	2
802	1
803	2
804	1
805	2
806	0
807	1
808	1
809	1
810	2
811	0
812	0
813	2
814	0
815	2
816	1
817	1
818	1
819	1
820	1
821	1
822	1
823	0
824	0
825	0
826	1
827	1
828	2
829	2
830	1
831	1
832	0
833	1
834	1
835	1
836	2
837	0
838	1
839	0
840	0
841	0
842	1
843	1
844	0
845	1
846	2
847	1
848	0
849	0
850	0
851	2
852	0
853	0
854	1
855	2
856	0
857	0
858	2
859	2
860	2
861	1
862	0
863	0
864	2
865	1
866	0
867	0
868	2
869	0
870	1
871	1
872	1
873	0
874	1
875	0
876	2
877	1
878	0
879	0
880	0
881	2
882	0
883	1
884	0
885	0
886	2
887	0
888	0
889	0
890	1
891	1
892	2
893	1
894	0
895	2
896	1
897	0
898	1
899	2
900	1
901	0
902	2
903	1
904	0
905	2
906	2
907	1
908	1
909	1
910	0
911	1
912	1
913	2
914	1
915	0
916	2
917	1
918	0
919	0
920	0
921	1
922	0
923	0
924	1
925	0
926	2
927	1
928	2
929	0
930	0
931	2
932	0
933	1
934	0
935	1
936	0
937	1
938	2
939	0
940	0
941	1
942	0
943	0
944	0
945	0
946	0
947	0
948	1
949	2
950	1
951	1
952	2
953	2
954	2
955	0
956	2
957	2
958	2
959	2
960	2
961	2
962	1
963	2
964	0
965	2
966	1
967	0
968	1
969	1
970	0
971	2
972	1
973	2
974	0
975	2
976	1
977	1
978	2
979	1
980	0
981	2
982	0
983	1
984	2
985	2
986	2
987	1
988	2
989	0
990	0
991	0
992	2
993	1
994	1
995	1
996	2
997	1
998	0
999	0
1000	1
1001	1
1002	2
1003	2
1004	2
1005	0
1006	2
1007	2
1008	2
1009	2
1010	2
1011	0
1012	2
1013	2
1014	2
1015	1
1016	2
1017	0
1018	0
1019	2
1020	1
1021	0
1022	2
1023	1
1024	2
1025	1
1026	2
1027	1
1028	0
1029	1
1030	1
1031	2
1032	2
1033	2
1034	0
1035	0
1036	2
1037	2
1038	2
1039	1
1040	2
1041	2
1042	2
1043	0
1044	2
1045	2
1046	1
1047	1
1048	0
1049	0
1050	2
1051	0
1052	0
1053	0
1054	0
1055	0
1056	2
1057	0
1058	2
1059	2
1060	1
1061	1
1062	2
1063	2
1064	1
1065	2
1066	1
1067	2
1068	1
1069	0
1070	2
1071	0
1072	0
1073	2
1074	2
1075	1
1076	2
1077	1
1078	0
1079	1
1080	0
1081	2
1082	2
1083	0
1084	1
1085	0
1086	0
1087	2
1088	0
1089	2
1090	1
1091	0
1092	2
1093	1
1094	2
1095	0
1096	0
1097	0
1098	1
1099	1
1100	2
1101	2
1102	0
1103	1
1104	2
1105	2
1106	0
1107	2
1108	1
1109	2
1110	0
1111	2
1112	2
1113	1
1114	2
1115	2
1116	2
1117	1
1118	1
1119	2
1120	1
1121	0
1122	0
1123	1
1124	1
1125	2
1126	2
1127	2
1128	1
1129	0
1130	1
1131	2
1132	0
1133	1
1134	1
1135	0
1136	0
1137	2
1138	1
1139	2
1140	1
1141	0
1142	1
1143	1
1144	1
1145	2
1146	0
1147	1
1148	1
1149	1
1150	1
1151	0
1152	0
1153	1
1154	2
1155	2
1156	0
1157	1
1158	2
1159	0
1160	1
1161	2
1162	2
1163	1
1164	0
1165	1
1166	0
1167	0
1168	1
1169	1
1170	1
1171	2
1172	2
1173	0
1174	2
1175	2
1176	1
1177	1
1178	2
1179	1
1180	2
1181	0
1182	2
1183	1
1184	1
1185	1
1186	2
1187	1
1188	0
1189	1
1190	2
1191	0
1192	1
1193	2
1194	2
1195	0
1196	2
1197	0
1198	2
1199	2
1200	1
1201	2
1202	1
1203	2
1204	1
1205	0
1206	1
1207	0
1208	2
1209	0
1210	2
1211	1
1212	0
1213	0
1214	1
1215	1
1216	1
1217	2
1218	0
1219	2
1220	2
1221	2
1222	1
1223	0
1224	0
1225	2
1226	2
1227	0
1228	1
1229	0
1230	0
1231	1
1232	1
1233	2
1234	1
1235	0
1236	2
1237	2
1238	0
1239	0
1240	1
1241	0
1242	2
1243	2
1244	0
1245	0
1246	0
1247	0
1248	0
1249	2
1250	1
1251	1
1252	1
1253	2
1254	2
1255	2
1256	1
1257	2
1258	1
1259	2
1260	1
1261	0
1262	0
1263	0
1264	0
1265	2
1266	1
1267	2
1268	1
1269	1
1270	2
1271	0
1272	1
1273	0
1274	1
1275	0
1276	0
1277	2
1278	0
1279	2
1280	2
1281	1
1282	0
1283	0
1284	0
1285	1
1286	0
1287	1
1288	2
1289	0
1290	0
1291	0
1292	0
1293	1
1294	1
1295	1
1296	1
1297	2
1298	1
1299	1
1300	2
1301	0
1302	0
1303	2
1304	1
1305	1
1306	0
1307	2
1308	0
1309	0
1310	1
1311	1
1312	2
1313	1
1314	2
1315	1
1316	1
1317	1
1318	2
1319	2
1320	0
1321	2
1322	1
1323	2
1324	0
1325	1
1326	1
1327	2
1328	1
1329	1
1330	0
1331	0
1332	0
1333	2
1334	2
1335	2
1336	0
1337	2
1338	2
1339	2
1340	2
1341	1
1342	0
1343	0
1344	1
1345	0
1346	2
1347	1
1348	2
1349	2
1350	1
1351	1
1352	2
1353	0
1354	0
1355	0
1356	0
1357	2
1358	2
1359	0
1360	0
1361	2
1362	0
1363	1
1364	2
1365	0
1366	2
1367	2
1368	0
1369	2
1370	1
1371	2
1372	0
1373	2
1374	0
1375	0
1376	2
1377	0
1378	0
1379	1
1380	2
1381	0
1382	2
1383	1
1384	2
1385	1
1386	1
1387	0
1388	0
1389	0
1390	2
1391	2
1392	2
1393	0
1394	2
1395	2
1396	2
1397	0
1398	1
1399	1
1400	0
1401	2
1402	0
1403	0
1404	1
1405	2
1406	0
1407	1
1408	2
1409	2
1410	1
1411	0
1412	0
1413	1
1414	0
1415	1
1416	2
1417	0
1418	0
1419	1
1420	0
1421	0
1422	0
1423	0
1424	1
1425	2
1426	1
1427	1
1428	2
1429	2
1430	0
1431	2
1432	0
1433	0
1434	0
1435	2
1436	0
1437	0
1438	2
1439	2
1440	1
1441	0
1442	2
1443	0
1444	2
1445	2
1446	0
1447	2
1448	2
1449	1
1450	0
1451	2
1452	0
1453	0
1454	0
1455	0
1456	2
1457	0
1458	0
1459	2
1460	0
1461	1
1462	0
1463	2
1464	0
1465	2
1466	1
1467	1
1468	0
1469	0
1470	0
1471	0
1472	1
1473	2
1474	2
1475	1
1476	1
1477	1
1478	0
1479	1
1480	1
1481	1
1482	1
1483	0
1484	1
1485	1
1486	0
1487	1
1488	0
1489	0
1490	1
1491	2
1492	1
1493	0
1494	0
1495	0
1496	1
1497	1
1498	1
1499	1
1500	1
1501	1
1502	0
1503	0
1504	2
1505	1
1506	0
1507	2
1508	1
1509	0
1510	2
1511	1
1512	0
1513	1
1514	0
1515	1
1516	2
1517	1
1518	2
1519	0
1520	2
1521	1
1522	1
1523	0
1524	0
1525	2
1526	1
1527	1
1528	1
1529	2
1530	0
1531	0
1532	0
1533	0
1534	0
1535	2
1536	2
1537	0
1538	1
1539	0
1540	2
1541	2
1542	0
1543	2
1544	2
1545	2
1546	2
1547	0
1548	0
1549	2
1550	2
1551	0
1552	0
1553	2
1554	2
1555	1
1556	2
1557	2
1558	0
1559	1
1560	1
1561	0
1562	2
1563	0
1564	1
1565	2
1566	2
1567	2
1568	2
1569	1
1570	0
1571	2
1572	1
1573	2
1574	0
1575	2
1576	2
1577	0
1578	1
1579	0
1580	2
1581	1
1582	0
1583	0
1584	2
1585	0
1586	1
1587	0
1588	0
1589	1
1590	2
1591	1
1592	2
1593	0
1594	2
1595	0
1596	2
1597	0
1598	1
1599	2
1600	2
1601	1
1602	0
1603	2
1604	0
1605	0
1606	2
1607	1
1608	1
1609	0
1610	1
1611	0
1612	2
1613	2
1614	2
1615	0
1616	1
1617	1
1618	0
1619	2
1620	2
1621	0
1622	1
1623	2
1624	1
1625	2
1626	1
1627	1
1628	1
1629	2
1630	0
1631	1
1632	0
1633	1
1634	1
1635	1
1636	2
1637	2
1638	1
1639	2
1640	1
1641	1
1642	2
1643	1
1644	0
1645	1
1646	1
1647	1
1648	0
1649	0
1650	2
1651	1
1652	0
1653	2
1654	0
1655	2
1656	1
1657	2
1658	0
1659	0
1660	0
1661	1
1662	1
1663	2
1664	2
1665	2
1666	0
1667	0
1668	2
1669	0
1670	2
1671	1
1672	2
1673	0
1674	2
1675	0
1676	0
1677	0
1678	0
1679	2
1680	2
1681	0
1682	1
1683	2
1684	0
1685	2
1686	0
1687	2
1688	0
1689	0
1690	2
1691	2
1692	1
1693	1
1694	0
1695	2
1696	1
1697	2
1698	0
1699	0
1700	2
1701	1
1702	0
1703	0
1704	0
1705	2
1706	0
1707	0
1708	1
1709	0
1710	1
1711	1
1712	2
1713	2
1714	0
1715	1
1716	0
1717	2
1718	1
1719	0
1720	2
1721	0
1722	0
1723	0
1724	2
1725	2
1726	2
1727	2
1728	1
1729	2
1730	0
1731	0
1732	2
1733	0
1734	0
1735	1
1736	0
1737	1
1738	0
1739	1
1740	2
1741	0
1742	0
1743	2
1744	2
1745	0
1746	1
1747	2
1748	2
1749	1
1750	0
1751	2
1752	0
1753	0
1754	0
1755	2
1756	0
1757	0
1758	2
1759	1
1760	1
1761	2
1762	2
1763	2
1764	0
1765	2
1766	0
1767	0
1768	1
1769	0
1770	0
1771	2
1772	0
1773	2
1774	2
1775	1
1776	1
1777	1
1778	2
1779	1
1780	1
1781	2
1782	2
1783	0
1784	0
1785	2
1786	1
1787	2
1788	2
1789	1
1790	1
1791	1
1792	2
1793	0
1794	2
1795	2
1796	2
1797	2
1798	1
1799	1
1800	1
1801	0
1802	1
1803	1
1804	2
1805	1
1806	0
1807	1
1808	2
1809	2
1810	2
1811	0
1812	2
1813	2
1814	2
1815	0
1816	2
1817	2
1818	0
1819	0
1820	1
1821	1
1822	1
1823	1
1824	2
1825	0
1826	2
1827	2
1828	2
1829	0
1830	0
1831	0
1832	2
1833	1
1834	0
1835	0
1836	0
1837	2
1838	2
1839	0
1840	2
1841	0
1842	0
1843	1
1844	1
1845	1
1846	0
1847	0
1848	2
1849	2
1850	0
1851	2
1852	0
1853	1
1854	0
1855	0
1856	0
1857	1
1858	1
1859	1
1860	1
1861	2
1862	2
1863	2
1864	2
1865	1
1866	2
1867	0
1868	0
1869	2
1870	2
1871	0
1872	1
1873	2
1874	0
1875	0
1876	0
1877	1
1878	1
1879	0
1880	1
1881	0
1882	2
1883	1
1884	1
1885	0
1886	0
1887	2
1888	1
1889	2
1890	0
1891	0
1892	1
1893	1
1894	0
1895	2
1896	2
1897	2
1898	1
1899	1
1900	0
1901	1
1902	0
1903	1
1904	2
1905	2
1906	1
1907	2
1908	1
1909	1
1910	2
1911	1
1912	2
1913	0
1914	0
1915	2
1916	2
1917	1
1918	1
1919	1
1920	0
1921	0
1922	1
1923	0
1924	2
1925	0
1926	2
1927	1
1928	0
1929	2
1930	2
1931	0
1932	0
1933	2
1934	2
1935	1
1936	2
1937	0
1938	0
1939	1
1940	0
1941	1
1942	0
1943	1
1944	1
1945	1
1946	2
1947	1
1948	1
1949	0
1950	1
1951	2
1952	2
1953	0
1954	0
1955	0
1956	1
1957	1
1958	2
1959	2
1960	2
1961	0
1962	0
1963	1
1964	0
1965	1
1966	0
1967	0
1968	0
1969	0
1970	1
1971	1
1972	2
1973	2
1974	2
1975	2
1976	0
1977	1
1978	1
1979	1
1980	1
1981	1
1982	1
1983	2
1984	0
1985	1
1986	0
1987	0
1988	2
1989	0
1990	0
1991	2
1992	2
1993	0
1994	1
1995	1
1996	2
1997	1
1998	0
1999	1
