index	prediction
0	0
1	1
2	2
3	0
4	1
5	2
6	1
7	1
8	2
9	0
10	0
11	0
12	0
13	2
14	1
15	2
16	2
17	1
18	1
19	1
20	0
21	1
22	0
23	2
24	0
25	2
26	2
27	1
28	0
29	0
30	2
31	2
32	0
33	1
34	0
35	0
36	0
37	2
38	2
39	0
40	1
41	2
42	2
43	0
44	2
45	2
46	1
47	2
48	2
49	2
50	1
51	1
52	1
53	1
54	1
55	2
56	1
57	1
58	2
59	1
60	1
61	2
62	1
63	2
64	2
65	1
66	0
67	0
68	0
69	0
70	1
71	0
72	2
73	1
74	2
75	1
76	1
77	0
78	0
79	0
80	2
81	0
82	0
83	1
84	2
85	2
86	1
87	0
88	1
89	0
90	1
91	1
92	1
93	2
94	1
95	1
96	1
97	2
98	1
99	2
100	1
101	2
102	1
103	0
104	0
105	2
106	1
107	0
108	1
109	2
110	2
111	2
112	2
113	2
114	2
115	2
116	2
117	2
118	1
119	2
120	0
121	2
122	2
123	1
124	1
125	0
126	1
127	1
128	0
129	2
130	1
131	1
132	1
133	2
134	2
135	0
136	1
137	0
138	1
139	2
140	2
141	0
142	1
143	1
144	2
145	2
146	0
147	0
148	2
149	1
150	2
151	0
152	2
153	1
154	2
155	1
156	1
157	0
158	0
159	2
160	2
161	0
162	2
163	1
164	1
165	1
166	0
167	2
168	0
169	2
170	0
171	1
172	0
173	1
174	1
175	0
176	1
177	0
178	2
179	2
180	2
181	0
182	0
183	2
184	2
185	1
186	2
187	1
188	0
189	1
190	2
191	2
192	0
193	2
194	0
195	1
196	1
197	2
198	2
199	0
200	2
201	1
202	2
203	0
204	2
205	0
206	1
207	2
208	0
209	0
210	0
211	2
212	1
213	1
214	2
215	1
216	1
217	2
218	1
219	2
220	0
221	1
222	1
223	1
224	1
225	0
226	2
227	1
228	2
229	0
230	1
231	1
232	2
233	2
234	1
235	2
236	1
237	1
238	1
239	0
240	1
241	2
242	2
243	1
244	2
245	1
246	2
247	1
248	1
249	1
250	0
251	1
252	2
253	1
254	1
255	2
256	2
257	0
258	1
259	0
260	2
261	1
262	2
263	0
264	2
265	1
266	1
267	1
268	2
269	1
270	1
271	2
272	1
273	2
274	2
275	2
276	2
277	0
278	2
279	2
280	1
281	0
282	0
283	1
284	2
285	1
286	1
287	1
288	1
289	1
290	1
291	1
292	2
293	0
294	1
295	2
296	0
297	2
298	0
299	1
300	1
301	1
302	1
303	0
304	2
305	0
306	1
307	2
308	1
309	0
310	2
311	2
312	2
313	0
314	1
315	2
316	0
317	0
318	2
319	0
320	2
321	2
322	0
323	2
324	0
325	2
326	1
327	2
328	2
329	1
330	2
331	2
332	0
333	0
334	2
335	0
336	0
337	2
338	2
339	1
340	0
341	2
342	1
343	1
344	0
345	1
346	0
347	1
348	2
349	1
350	1
351	0
352	2
353	0
354	0
355	1
356	2
357	2
358	2
359	0
360	2
361	2
362	1
363	0
364	2
365	1
366	2
367	1
368	2
369	0
370	0
371	2
372	2
373	2
374	1
375	2
376	1
377	0
378	2
379	2
380	0
381	0
382	1
383	1
384	2
385	0
386	0
387	2
388	2
389	2
390	0
391	0
392	1
393	0
394	1
395	2
396	2
397	2
398	1
399	1
400	0
401	2
402	2
403	2
404	0
405	2
406	1
407	0
408	1
409	1
410	0
411	2
412	0
413	2
414	0
415	0
416	2
417	1
418	0
419	2
420	2
421	1
422	1
423	1
424	2
425	1
426	1
427	2
428	1
429	0
430	0
431	0
432	2
433	0
434	1
435	0
436	0
437	2
438	2
439	2
440	1
441	1
442	2
443	2
444	1
445	2
446	1
447	0
448	1
449	1
450	2
451	1
452	2
453	1
454	0
455	1
456	0
457	0
458	1
459	0
460	1
461	0
462	1
463	1
464	2
465	2
466	1
467	2
468	1
469	2
470	1
471	0
472	1
473	1
474	2
475	2
476	0
477	0
478	2
479	2
480	0
481	0
482	1
483	0
484	1
485	0
486	0
487	2
488	2
489	2
490	1
491	2
492	0
493	1
494	2
495	0
496	2
497	1
498	1
499	0
500	1
501	1
502	1
503	0
504	1
505	0
506	1
507	2
508	0
509	2
510	0
511	2
512	0
513	1
514	1
515	1
516	1
517	2
518	0
519	2
520	2
521	0
522	1
523	2
524	1
525	1
526	0
527	2
528	1
529	1
530	2
531	2
532	1
533	2
534	0
535	2
536	0
537	1
538	0
539	2
540	0
541	2
542	1
543	1
544	0
545	0
546	2
547	0
548	0
549	0
550	1
551	2
552	0
553	1
554	1
555	1
556	1
557	2
558	1
559	0
560	2
561	1
562	0
563	1
564	1
565	1
566	0
567	0
568	2
569	0
570	1
571	0
572	0
573	2
574	2
575	0
576	1
577	2
578	2
579	0
580	2
581	0
582	0
583	2
584	0
585	1
586	1
587	2
588	1
589	2
590	0
591	2
592	0
593	1
594	2
595	2
596	2
597	1
598	0
599	2
600	2
601	2
602	1
603	1
604	0
605	2
606	0
607	2
608	0
609	0
610	1
611	0
612	2
613	0
614	0
615	2
616	1
617	0
618	1
619	2
620	2
621	1
622	0
623	2
624	0
625	2
626	0
627	1
628	0
629	2
630	2
631	1
632	2
633	2
634	1
635	2
636	1
637	0
638	1
639	0
640	1
641	2
642	0
643	2
644	2
645	2
646	2
647	0
648	1
649	1
650	1
651	2
652	1
653	1
654	1
655	1
656	2
657	0
658	1
659	1
660	2
661	0
662	0
663	0
664	0
665	2
666	2
667	2
668	2
669	1
670	2
671	0
672	2
673	0
674	1
675	0
676	2
677	1
678	0
679	0
680	2
681	0
682	0
683	2
684	1
685	2
686	0
687	2
688	2
689	0
690	0
691	0
692	0
693	2
694	1
695	1
696	1
697	0
698	2
699	2
700	2
701	1
702	2
703	2
704	1
705	2
706	1
707	1
708	1
709	0
710	2
711	0
712	1
713	2
714	2
715	1
716	1
717	1
718	0
719	1
720	0
721	1
722	1
723	1
724	1
725	2
726	2
727	1
728	0
729	1
730	0
731	1
732	0
733	1
734	0
735	0
736	1
737	1
738	1
739	2
740	1
741	2
742	2
743	1
744	2
745	2
746	1
747	1
748	0
749	2
750	0
751	2
752	0
753	0
754	0
755	1
756	0
757	1
758	1
759	1
760	1
761	0
762	0
763	2
764	1
765	1
766	1
767	2
768	1
769	0
770	2
771	0
772	1
773	2
774	2
775	0
776	0
777	0
778	2
779	0
780	1
781	2
782	0
783	0
784	0
785	2
786	0
787	0
788	2
789	2
790	1
791	2
792	2
793	1
794	1
795	1
796	1
797	1
798	1
799	2
800	1
801	2
802	1
803	2
804	1
805	0
806	1
807	1
808	1
809	2
810	1
811	1
812	1
813	2
814	0
815	2
816	1
817	0
818	1
819	1
820	1
821	1
822	2
823	1
824	1
825	0
826	2
827	1
828	2
829	2
830	2
831	0
832	2
833	1
834	1
835	1
836	1
837	0
838	1
839	0
840	0
841	2
842	2
843	0
844	1
845	1
846	2
847	1
848	0
849	2
850	1
851	2
852	1
853	1
854	2
855	2
856	1
857	0
858	1
859	2
860	1
861	2
862	0
863	0
864	2
865	1
866	0
867	0
868	0
869	0
870	1
871	0
872	1
873	1
874	1
875	0
876	2
877	0
878	1
879	0
880	2
881	1
882	0
883	0
884	0
885	0
886	1
887	1
888	0
889	0
890	1
891	1
892	2
893	1
894	0
895	1
896	2
897	2
898	1
899	1
900	0
901	1
902	0
903	0
904	0
905	2
906	2
907	0
908	1
909	0
910	1
911	2
912	1
913	1
914	0
915	0
916	2
917	1
918	2
919	0
920	1
921	1
922	0
923	1
924	2
925	1
926	1
927	1
928	0
929	0
930	0
931	2
932	0
933	0
934	0
935	1
936	2
937	1
938	2
939	0
940	0
941	1
942	1
943	0
944	2
945	0
946	0
947	0
948	0
949	2
950	1
951	2
952	2
953	2
954	2
955	0
956	2
957	2
958	2
959	2
960	0
961	2
962	2
963	2
964	0
965	2
966	1
967	1
968	1
969	1
970	0
971	0
972	0
973	2
974	0
975	2
976	2
977	0
978	1
979	1
980	1
981	1
982	1
983	2
984	0
985	1
986	2
987	1
988	2
989	2
990	1
991	0
992	2
993	0
994	1
995	2
996	1
997	1
998	0
999	1
1000	1
1001	1
1002	1
1003	1
1004	0
1005	0
1006	2
1007	0
1008	0
1009	2
1010	0
1011	2
1012	1
1013	2
1014	2
1015	1
1016	1
1017	1
1018	1
1019	2
1020	2
1021	2
1022	2
1023	2
1024	2
1025	1
1026	2
1027	1
1028	1
1029	1
1030	1
1031	1
1032	2
1033	2
1034	0
1035	1
1036	2
1037	2
1038	2
1039	1
1040	1
1041	2
1042	1
1043	1
1044	1
1045	2
1046	0
1047	1
1048	0
1049	2
1050	2
1051	0
1052	0
1053	0
1054	1
1055	0
1056	2
1057	2
1058	1
1059	2
1060	1
1061	1
1062	2
1063	2
1064	2
1065	1
1066	1
1067	2
1068	2
1069	1
1070	2
1071	1
1072	0
1073	1
1074	2
1075	0
1076	1
1077	1
1078	1
1079	1
1080	0
1081	2
1082	2
1083	0
1084	1
1085	1
1086	1
1087	2
1088	2
1089	1
1090	1
1091	1
1092	2
1093	1
1094	2
1095	2
1096	0
1097	0
1098	2
1099	2
1100	2
1101	2
1102	0
1103	2
1104	2
1105	2
1106	0
1107	1
1108	1
1109	1
1110	1
1111	2
1112	2
1113	0
1114	0
1115	1
1116	2
1117	1
1118	1
1119	2
1120	1
1121	0
1122	1
1123	1
1124	1
1125	2
1126	0
1127	2
1128	0
1129	2
1130	1
1131	0
1132	2
1133	1
1134	1
1135	1
1136	0
1137	1
1138	1
1139	2
1140	2
1141	1
1142	1
1143	1
1144	1
1145	2
1146	1
1147	1
1148	1
1149	0
1150	1
1151	0
1152	0
1153	1
1154	2
1155	2
1156	1
1157	1
1158	2
1159	0
1160	1
1161	2
1162	1
1163	1
1164	0
1165	1
1166	0
1167	1
1168	2
1169	0
1170	1
1171	2
1172	0
1173	0
1174	2
1175	1
1176	0
1177	1
1178	2
1179	0
1180	2
1181	0
1182	0
1183	1
1184	2
1185	1
1186	2
1187	0
1188	0
1189	0
1190	2
1191	0
1192	0
1193	2
1194	1
1195	2
1196	2
1197	2
1198	2
1199	2
1200	1
1201	1
1202	1
1203	2
1204	0
1205	0
1206	1
1207	1
1208	2
1209	1
1210	1
1211	0
1212	0
1213	1
1214	0
1215	1
1216	0
1217	2
1218	1
1219	0
1220	1
1221	0
1222	1
1223	1
1224	0
1225	2
1226	0
1227	1
1228	1
1229	1
1230	0
1231	1
1232	2
1233	2
1234	0
1235	2
1236	0
1237	2
1238	1
1239	0
1240	1
1241	0
1242	2
1243	2
1244	1
1245	0
1246	0
1247	2
1248	2
1249	0
1250	0
1251	2
1252	1
1253	2
1254	2
1255	2
1256	1
1257	0
1258	1
1259	0
1260	2
1261	0
1262	0
1263	1
1264	1
1265	0
1266	1
1267	2
1268	2
1269	1
1270	1
1271	1
1272	2
1273	0
1274	1
1275	0
1276	2
1277	2
1278	1
1279	0
1280	0
1281	1
1282	2
1283	0
1284	2
1285	1
1286	0
1287	1
1288	0
1289	0
1290	1
1291	1
1292	0
1293	1
1294	2
1295	1
1296	2
1297	1
1298	0
1299	1
1300	0
1301	2
1302	1
1303	2
1304	1
1305	1
1306	0
1307	1
1308	0
1309	0
1310	1
1311	2
1312	2
1313	0
1314	2
1315	1
1316	0
1317	2
1318	0
1319	2
1320	0
1321	2
1322	1
1323	2
1324	1
1325	1
1326	1
1327	2
1328	1
1329	1
1330	2
1331	0
1332	0
1333	1
1334	2
1335	1
1336	1
1337	2
1338	1
1339	2
1340	2
1341	0
1342	1
1343	1
1344	2
1345	2
1346	2
1347	0
1348	0
1349	2
1350	1
1351	1
1352	0
1353	0
1354	1
1355	0
1356	0
1357	1
1358	0
1359	0
1360	0
1361	2
1362	1
1363	1
1364	0
1365	1
1366	1
1367	2
1368	2
1369	2
1370	2
1371	2
1372	0
1373	1
1374	1
1375	1
1376	2
1377	1
1378	1
1379	0
1380	1
1381	1
1382	0
1383	1
1384	2
1385	2
1386	1
1387	0
1388	0
1389	0
1390	1
1391	1
1392	2
1393	1
1394	2
1395	2
1396	2
1397	1
1398	2
1399	0
1400	0
1401	1
1402	1
1403	0
1404	1
1405	2
1406	0
1407	1
1408	0
1409	2
1410	1
1411	1
1412	0
1413	2
1414	1
1415	1
1416	2
1417	2
1418	0
1419	0
1420	0
1421	1
1422	0
1423	1
1424	0
1425	2
1426	1
1427	2
1428	0
1429	0
1430	0
1431	2
1432	1
1433	2
1434	1
1435	0
1436	0
1437	0
1438	1
1439	2
1440	2
1441	0
1442	1
1443	1
1444	2
1445	2
1446	0
1447	2
1448	2
1449	0
1450	0
1451	2
1452	1
1453	1
1454	0
1455	1
1456	2
1457	2
1458	2
1459	2
1460	2
1461	2
1462	0
1463	2
1464	0
1465	1
1466	0
1467	1
1468	1
1469	2
1470	0
1471	1
1472	0
1473	2
1474	1
1475	1
1476	1
1477	1
1478	0
1479	0
1480	2
1481	1
1482	0
1483	0
1484	1
1485	1
1486	0
1487	2
1488	1
1489	1
1490	1
1491	2
1492	0
1493	0
1494	0
1495	0
1496	2
1497	0
1498	1
1499	0
1500	1
1501	1
1502	1
1503	0
1504	1
1505	1
1506	2
1507	0
1508	2
1509	2
1510	1
1511	1
1512	0
1513	0
1514	1
1515	1
1516	1
1517	0
1518	2
1519	1
1520	2
1521	1
1522	0
1523	1
1524	0
1525	1
1526	1
1527	1
1528	1
1529	0
1530	0
1531	0
1532	2
1533	0
1534	0
1535	2
1536	2
1537	2
1538	0
1539	1
1540	2
1541	2
1542	2
1543	1
1544	1
1545	0
1546	1
1547	0
1548	0
1549	2
1550	2
1551	0
1552	0
1553	1
1554	2
1555	1
1556	1
1557	1
1558	0
1559	2
1560	1
1561	1
1562	2
1563	0
1564	1
1565	2
1566	2
1567	2
1568	0
1569	0
1570	1
1571	2
1572	1
1573	2
1574	1
1575	2
1576	2
1577	0
1578	1
1579	1
1580	2
1581	1
1582	0
1583	2
1584	2
1585	0
1586	0
1587	0
1588	0
1589	1
1590	2
1591	1
1592	2
1593	0
1594	0
1595	0
1596	2
1597	0
1598	1
1599	2
1600	2
1601	0
1602	2
1603	2
1604	1
1605	1
1606	2
1607	0
1608	1
1609	2
1610	2
1611	2
1612	2
1613	2
1614	2
1615	1
1616	1
1617	1
1618	0
1619	0
1620	2
1621	0
1622	1
1623	0
1624	0
1625	1
1626	2
1627	0
1628	1
1629	0
1630	1
1631	1
1632	0
1633	1
1634	1
1635	1
1636	1
1637	2
1638	1
1639	1
1640	1
1641	1
1642	2
1643	1
1644	0
1645	1
1646	1
1647	1
1648	2
1649	2
1650	2
1651	0
1652	0
1653	2
1654	1
1655	0
1656	0
1657	2
1658	0
1659	1
1660	1
1661	1
1662	2
1663	1
1664	2
1665	0
1666	0
1667	1
1668	2
1669	0
1670	2
1671	1
1672	2
1673	2
1674	2
1675	1
1676	2
1677	0
1678	0
1679	2
1680	0
1681	1
1682	1
1683	2
1684	0
1685	1
1686	0
1687	2
1688	0
1689	2
1690	2
1691	0
1692	0
1693	1
1694	1
1695	2
1696	1
1697	2
1698	2
1699	1
1700	2
1701	1
1702	2
1703	0
1704	2
1705	2
1706	0
1707	1
1708	2
1709	0
1710	0
1711	1
1712	0
1713	2
1714	0
1715	0
1716	1
1717	2
1718	1
1719	0
1720	1
1721	0
1722	2
1723	0
1724	2
1725	0
1726	2
1727	2
1728	0
1729	2
1730	0
1731	0
1732	1
1733	0
1734	1
1735	1
1736	0
1737	1
1738	0
1739	2
1740	2
1741	1
1742	0
1743	0
1744	2
1745	0
1746	1
1747	1
1748	2
1749	2
1750	1
1751	2
1752	1
1753	0
1754	0
1755	2
1756	2
1757	0
1758	2
1759	1
1760	1
1761	2
1762	2
1763	1
1764	0
1765	2
1766	0
1767	1
1768	1
1769	1
1770	1
1771	1
1772	0
1773	0
1774	2
1775	0
1776	1
1777	0
1778	2
1779	1
1780	0
1781	2
1782	2
1783	1
1784	0
1785	2
1786	0
1787	2
1788	2
1789	1
1790	2
1791	1
1792	1
1793	1
1794	2
1795	0
1796	1
1797	1
1798	1
1799	1
1800	2
1801	0
1802	2
1803	2
1804	2
1805	2
1806	0
1807	1
1808	1
1809	2
1810	2
1811	0
1812	2
1813	2
1814	1
1815	1
1816	0
1817	2
1818	0
1819	1
1820	0
1821	0
1822	0
1823	0
1824	2
1825	1
1826	1
1827	0
1828	0
1829	2
1830	0
1831	0
1832	2
1833	2
1834	2
1835	0
1836	2
1837	1
1838	0
1839	0
1840	2
1841	0
1842	0
1843	0
1844	1
1845	1
1846	2
1847	2
1848	1
1849	2
1850	0
1851	2
1852	0
1853	0
1854	2
1855	2
1856	0
1857	2
1858	1
1859	1
1860	1
1861	1
1862	2
1863	2
1864	0
1865	1
1866	2
1867	2
1868	0
1869	2
1870	2
1871	1
1872	1
1873	2
1874	1
1875	1
1876	0
1877	2
1878	0
1879	2
1880	1
1881	0
1882	2
1883	0
1884	1
1885	1
1886	1
1887	2
1888	1
1889	2
1890	1
1891	0
1892	2
1893	1
1894	2
1895	1
1896	2
1897	0
1898	2
1899	0
1900	0
1901	0
1902	1
1903	0
1904	2
1905	2
1906	1
1907	2
1908	1
1909	2
1910	1
1911	1
1912	2
1913	1
1914	0
1915	2
1916	2
1917	1
1918	0
1919	0
1920	0
1921	0
1922	1
1923	0
1924	2
1925	1
1926	0
1927	1
1928	1
1929	1
1930	1
1931	1
1932	1
1933	2
1934	1
1935	0
1936	2
1937	0
1938	2
1939	0
1940	0
1941	2
1942	1
1943	1
1944	0
1945	1
1946	2
1947	2
1948	0
1949	0
1950	0
1951	0
1952	0
1953	0
1954	1
1955	2
1956	2
1957	1
1958	1
1959	0
1960	1
1961	1
1962	1
1963	0
1964	2
1965	1
1966	2
1967	0
1968	0
1969	0
1970	2
1971	1
1972	2
1973	2
1974	0
1975	2
1976	0
1977	0
1978	1
1979	2
1980	0
1981	0
1982	2
1983	1
1984	1
1985	1
1986	0
1987	1
1988	2
1989	2
1990	1
1991	2
1992	2
1993	2
1994	1
1995	1
1996	0
1997	0
1998	0
1999	1
