index	prediction
0	1
1	1
2	0
3	0
4	1
5	2
6	0
7	1
8	2
9	2
10	0
11	1
12	0
13	2
14	1
15	2
16	2
17	1
18	0
19	2
20	1
21	0
22	0
23	1
24	1
25	2
26	2
27	0
28	2
29	1
30	0
31	1
32	1
33	1
34	0
35	0
36	0
37	1
38	1
39	0
40	0
41	0
42	0
43	0
44	2
45	2
46	0
47	2
48	2
49	0
50	1
51	1
52	1
53	0
54	1
55	1
56	0
57	1
58	2
59	2
60	1
61	1
62	1
63	2
64	1
65	1
66	1
67	0
68	0
69	0
70	0
71	1
72	2
73	0
74	2
75	1
76	0
77	0
78	0
79	0
80	2
81	0
82	2
83	0
84	1
85	1
86	2
87	0
88	1
89	0
90	1
91	0
92	1
93	1
94	1
95	2
96	1
97	1
98	1
99	1
100	2
101	1
102	1
103	2
104	0
105	2
106	0
107	0
108	2
109	1
110	2
111	0
112	2
113	2
114	2
115	2
116	2
117	1
118	1
119	2
120	1
121	2
122	2
123	2
124	0
125	0
126	0
127	1
128	1
129	2
130	1
131	1
132	2
133	2
134	2
135	0
136	0
137	0
138	1
139	2
140	2
141	0
142	1
143	1
144	2
145	2
146	0
147	2
148	0
149	1
150	2
151	0
152	2
153	1
154	2
155	1
156	2
157	2
158	2
159	0
160	2
161	0
162	2
163	1
164	1
165	2
166	1
167	0
168	0
169	2
170	0
171	2
172	0
173	1
174	1
175	0
176	2
177	1
178	2
179	1
180	2
181	0
182	0
183	1
184	1
185	2
186	2
187	1
188	0
189	1
190	1
191	2
192	1
193	0
194	0
195	1
196	2
197	0
198	2
199	1
200	2
201	1
202	2
203	1
204	2
205	2
206	1
207	2
208	0
209	0
210	0
211	2
212	2
213	2
214	2
215	0
216	0
217	2
218	1
219	0
220	2
221	2
222	2
223	0
224	0
225	0
226	0
227	1
228	2
229	0
230	1
231	1
232	1
233	2
234	1
235	0
236	1
237	1
238	0
239	1
240	2
241	2
242	0
243	1
244	0
245	2
246	1
247	1
248	2
249	2
250	1
251	1
252	0
253	1
254	0
255	2
256	1
257	0
258	0
259	0
260	2
261	2
262	2
263	0
264	1
265	0
266	1
267	1
268	2
269	1
270	2
271	1
272	2
273	2
274	1
275	0
276	0
277	2
278	1
279	2
280	0
281	1
282	2
283	2
284	0
285	1
286	1
287	0
288	1
289	2
290	1
291	2
292	0
293	2
294	1
295	2
296	1
297	2
298	1
299	2
300	0
301	2
302	1
303	0
304	0
305	1
306	0
307	2
308	1
309	0
310	1
311	2
312	2
313	2
314	2
315	1
316	0
317	2
318	2
319	0
320	2
321	2
322	1
323	2
324	1
325	2
326	1
327	2
328	2
329	2
330	2
331	2
332	2
333	2
334	2
335	0
336	0
337	2
338	2
339	1
340	1
341	1
342	1
343	0
344	1
345	2
346	1
347	0
348	0
349	1
350	1
351	1
352	2
353	1
354	0
355	1
356	1
357	1
358	1
359	0
360	0
361	2
362	1
363	0
364	2
365	2
366	1
367	2
368	0
369	0
370	2
371	1
372	2
373	2
374	1
375	2
376	1
377	0
378	2
379	1
380	0
381	0
382	2
383	2
384	2
385	2
386	2
387	1
388	0
389	2
390	2
391	0
392	1
393	2
394	1
395	0
396	2
397	2
398	1
399	2
400	1
401	2
402	2
403	2
404	0
405	0
406	2
407	0
408	1
409	1
410	0
411	2
412	1
413	0
414	0
415	0
416	2
417	2
418	0
419	2
420	2
421	1
422	2
423	1
424	2
425	1
426	2
427	2
428	0
429	1
430	2
431	0
432	1
433	0
434	1
435	2
436	1
437	2
438	2
439	2
440	0
441	1
442	1
443	1
444	1
445	0
446	1
447	0
448	1
449	2
450	0
451	1
452	1
453	0
454	0
455	2
456	0
457	0
458	1
459	0
460	2
461	0
462	0
463	1
464	1
465	1
466	2
467	2
468	2
469	2
470	0
471	1
472	1
473	2
474	2
475	0
476	0
477	1
478	2
479	2
480	0
481	2
482	1
483	2
484	1
485	0
486	0
487	2
488	1
489	2
490	1
491	2
492	0
493	1
494	1
495	0
496	2
497	2
498	1
499	0
500	0
501	1
502	2
503	0
504	1
505	0
506	0
507	2
508	0
509	2
510	0
511	1
512	0
513	1
514	1
515	0
516	2
517	2
518	0
519	2
520	2
521	0
522	1
523	0
524	2
525	0
526	1
527	2
528	0
529	0
530	2
531	0
532	2
533	2
534	0
535	2
536	2
537	1
538	0
539	0
540	2
541	2
542	2
543	1
544	0
545	1
546	1
547	0
548	1
549	1
550	2
551	0
552	1
553	1
554	1
555	1
556	1
557	0
558	1
559	1
560	2
561	1
562	1
563	1
564	1
565	2
566	0
567	0
568	0
569	0
570	0
571	0
572	1
573	1
574	2
575	0
576	1
577	2
578	2
579	2
580	0
581	0
582	0
583	2
584	0
585	2
586	1
587	1
588	1
589	1
590	0
591	2
592	0
593	0
594	1
595	2
596	0
597	0
598	0
599	1
600	1
601	2
602	2
603	1
604	0
605	0
606	0
607	2
608	0
609	2
610	1
611	1
612	2
613	2
614	0
615	2
616	1
617	1
618	1
619	0
620	2
621	1
622	0
623	1
624	0
625	2
626	2
627	1
628	0
629	0
630	1
631	0
632	2
633	1
634	1
635	2
636	1
637	0
638	2
639	0
640	0
641	1
642	0
643	1
644	2
645	1
646	2
647	0
648	1
649	1
650	2
651	1
652	2
653	2
654	1
655	1
656	2
657	1
658	2
659	1
660	1
661	1
662	0
663	2
664	0
665	2
666	1
667	1
668	0
669	1
670	2
671	0
672	2
673	0
674	2
675	2
676	0
677	2
678	2
679	1
680	1
681	1
682	1
683	1
684	1
685	2
686	2
687	0
688	2
689	1
690	2
691	0
692	2
693	1
694	0
695	0
696	0
697	2
698	2
699	2
700	2
701	0
702	0
703	2
704	1
705	2
706	0
707	2
708	2
709	0
710	0
711	0
712	1
713	2
714	2
715	1
716	2
717	1
718	2
719	1
720	1
721	1
722	1
723	1
724	2
725	0
726	2
727	1
728	2
729	1
730	1
731	2
732	0
733	0
734	1
735	0
736	1
737	2
738	2
739	2
740	0
741	2
742	0
743	1
744	1
745	0
746	0
747	1
748	0
749	0
750	1
751	2
752	2
753	0
754	0
755	1
756	0
757	0
758	0
759	2
760	2
761	1
762	0
763	2
764	2
765	0
766	1
767	2
768	0
769	0
770	0
771	2
772	1
773	2
774	1
775	0
776	0
777	2
778	1
779	0
780	0
781	2
782	1
783	0
784	0
785	1
786	0
787	0
788	2
789	0
790	1
791	0
792	1
793	0
794	1
795	1
796	1
797	1
798	1
799	1
800	1
801	2
802	1
803	1
804	0
805	1
806	0
807	1
808	1
809	0
810	1
811	1
812	1
813	1
814	0
815	2
816	1
817	0
818	1
819	0
820	0
821	2
822	0
823	1
824	1
825	0
826	2
827	2
828	0
829	1
830	1
831	0
832	1
833	1
834	1
835	1
836	1
837	0
838	0
839	0
840	0
841	0
842	0
843	0
844	0
845	1
846	2
847	1
848	0
849	2
850	1
851	2
852	1
853	1
854	2
855	1
856	2
857	2
858	1
859	2
860	2
861	1
862	2
863	0
864	1
865	1
866	0
867	0
868	2
869	0
870	1
871	1
872	0
873	1
874	1
875	0
876	2
877	0
878	1
879	1
880	2
881	0
882	1
883	0
884	0
885	0
886	0
887	0
888	0
889	1
890	1
891	1
892	2
893	2
894	1
895	1
896	0
897	1
898	1
899	1
900	0
901	1
902	0
903	0
904	0
905	1
906	0
907	1
908	1
909	0
910	1
911	0
912	0
913	2
914	1
915	0
916	2
917	0
918	0
919	0
920	1
921	1
922	0
923	1
924	0
925	0
926	2
927	1
928	1
929	1
930	1
931	2
932	2
933	2
934	0
935	0
936	1
937	0
938	2
939	1
940	0
941	1
942	2
943	1
944	1
945	0
946	1
947	0
948	2
949	2
950	1
951	2
952	2
953	2
954	2
955	0
956	2
957	0
958	2
959	2
960	2
961	0
962	1
963	1
964	0
965	2
966	1
967	0
968	0
969	1
970	0
971	0
972	1
973	2
974	2
975	2
976	2
977	0
978	1
979	2
980	1
981	0
982	0
983	2
984	0
985	0
986	2
987	0
988	2
989	0
990	2
991	1
992	1
993	1
994	1
995	1
996	2
997	1
998	1
999	2
1000	0
1001	1
1002	2
1003	1
1004	1
1005	0
1006	2
1007	2
1008	1
1009	0
1010	0
1011	2
1012	1
1013	1
1014	2
1015	1
1016	0
1017	2
1018	1
1019	2
1020	1
1021	2
1022	1
1023	0
1024	1
1025	1
1026	2
1027	1
1028	0
1029	1
1030	1
1031	1
1032	2
1033	2
1034	1
1035	1
1036	1
1037	2
1038	2
1039	1
1040	1
1041	1
1042	1
1043	0
1044	1
1045	1
1046	2
1047	1
1048	0
1049	0
1050	2
1051	0
1052	1
1053	0
1054	1
1055	1
1056	0
1057	1
1058	1
1059	1
1060	1
1061	1
1062	0
1063	2
1064	0
1065	1
1066	1
1067	2
1068	1
1069	1
1070	0
1071	2
1072	0
1073	1
1074	2
1075	1
1076	1
1077	1
1078	1
1079	1
1080	0
1081	1
1082	1
1083	1
1084	2
1085	1
1086	1
1087	2
1088	1
1089	2
1090	1
1091	0
1092	1
1093	1
1094	1
1095	0
1096	1
1097	0
1098	2
1099	0
1100	2
1101	1
1102	1
1103	1
1104	1
1105	2
1106	0
1107	1
1108	0
1109	0
1110	1
1111	1
1112	0
1113	0
1114	2
1115	1
1116	1
1117	1
1118	1
1119	2
1120	0
1121	0
1122	1
1123	1
1124	1
1125	1
1126	2
1127	2
1128	2
1129	1
1130	2
1131	1
1132	2
1133	1
1134	1
1135	0
1136	1
1137	1
1138	0
1139	2
1140	1
1141	0
1142	1
1143	0
1144	2
1145	2
1146	1
1147	1
1148	1
1149	1
1150	1
1151	0
1152	1
1153	1
1154	2
1155	1
1156	0
1157	1
1158	1
1159	0
1160	1
1161	2
1162	1
1163	1
1164	0
1165	1
1166	0
1167	0
1168	0
1169	0
1170	1
1171	2
1172	0
1173	0
1174	2
1175	1
1176	0
1177	1
1178	2
1179	0
1180	2
1181	0
1182	1
1183	1
1184	2
1185	1
1186	2
1187	1
1188	0
1189	0
1190	2
1191	0
1192	0
1193	2
1194	0
1195	0
1196	2
1197	2
1198	0
1199	2
1200	1
1201	2
1202	1
1203	0
1204	1
1205	2
1206	1
1207	1
1208	0
1209	0
1210	1
1211	1
1212	1
1213	0
1214	0
1215	1
1216	0
1217	2
1218	2
1219	2
1220	1
1221	0
1222	2
1223	2
1224	0
1225	2
1226	0
1227	1
1228	1
1229	0
1230	2
1231	1
1232	0
1233	0
1234	0
1235	1
1236	0
1237	2
1238	0
1239	0
1240	1
1241	0
1242	0
1243	2
1244	0
1245	0
1246	2
1247	2
1248	2
1249	2
1250	1
1251	1
1252	1
1253	1
1254	2
1255	2
1256	1
1257	0
1258	1
1259	1
1260	0
1261	0
1262	2
1263	0
1264	1
1265	2
1266	0
1267	2
1268	1
1269	1
1270	1
1271	0
1272	0
1273	1
1274	1
1275	0
1276	1
1277	0
1278	1
1279	0
1280	2
1281	0
1282	0
1283	0
1284	0
1285	1
1286	0
1287	2
1288	0
1289	0
1290	1
1291	0
1292	0
1293	0
1294	2
1295	1
1296	2
1297	1
1298	1
1299	1
1300	2
1301	1
1302	2
1303	2
1304	2
1305	1
1306	0
1307	1
1308	0
1309	0
1310	2
1311	1
1312	2
1313	0
1314	2
1315	1
1316	0
1317	1
1318	1
1319	1
1320	0
1321	2
1322	1
1323	1
1324	0
1325	1
1326	2
1327	0
1328	0
1329	1
1330	1
1331	0
1332	2
1333	0
1334	2
1335	1
1336	0
1337	1
1338	1
1339	1
1340	2
1341	0
1342	0
1343	2
1344	2
1345	0
1346	1
1347	0
1348	1
1349	2
1350	2
1351	1
1352	0
1353	2
1354	2
1355	1
1356	1
1357	2
1358	0
1359	1
1360	0
1361	1
1362	2
1363	0
1364	0
1365	0
1366	0
1367	2
1368	0
1369	0
1370	1
1371	1
1372	0
1373	2
1374	2
1375	0
1376	2
1377	1
1378	0
1379	0
1380	2
1381	1
1382	0
1383	1
1384	2
1385	2
1386	1
1387	0
1388	0
1389	2
1390	2
1391	1
1392	2
1393	1
1394	0
1395	2
1396	2
1397	0
1398	2
1399	0
1400	0
1401	0
1402	1
1403	1
1404	1
1405	2
1406	2
1407	1
1408	0
1409	2
1410	1
1411	1
1412	0
1413	2
1414	0
1415	0
1416	1
1417	2
1418	2
1419	2
1420	0
1421	0
1422	2
1423	2
1424	1
1425	2
1426	1
1427	0
1428	1
1429	2
1430	0
1431	0
1432	1
1433	1
1434	2
1435	1
1436	0
1437	2
1438	2
1439	2
1440	2
1441	2
1442	1
1443	0
1444	2
1445	2
1446	0
1447	2
1448	1
1449	1
1450	0
1451	2
1452	2
1453	1
1454	0
1455	0
1456	0
1457	0
1458	2
1459	1
1460	0
1461	1
1462	0
1463	0
1464	0
1465	2
1466	1
1467	1
1468	1
1469	2
1470	2
1471	1
1472	1
1473	2
1474	1
1475	1
1476	0
1477	1
1478	0
1479	0
1480	1
1481	1
1482	0
1483	0
1484	1
1485	1
1486	0
1487	1
1488	1
1489	0
1490	1
1491	2
1492	2
1493	0
1494	0
1495	0
1496	1
1497	0
1498	1
1499	1
1500	0
1501	1
1502	1
1503	2
1504	1
1505	1
1506	1
1507	0
1508	1
1509	1
1510	0
1511	1
1512	0
1513	0
1514	2
1515	0
1516	1
1517	0
1518	2
1519	1
1520	0
1521	0
1522	0
1523	1
1524	2
1525	0
1526	1
1527	1
1528	1
1529	1
1530	1
1531	2
1532	2
1533	0
1534	1
1535	2
1536	0
1537	2
1538	1
1539	2
1540	2
1541	1
1542	2
1543	1
1544	1
1545	2
1546	2
1547	0
1548	2
1549	2
1550	0
1551	2
1552	0
1553	0
1554	2
1555	1
1556	1
1557	1
1558	0
1559	1
1560	0
1561	1
1562	0
1563	1
1564	1
1565	0
1566	0
1567	2
1568	0
1569	1
1570	1
1571	2
1572	2
1573	2
1574	1
1575	2
1576	1
1577	0
1578	1
1579	1
1580	0
1581	0
1582	2
1583	0
1584	2
1585	1
1586	2
1587	1
1588	0
1589	1
1590	2
1591	1
1592	2
1593	0
1594	2
1595	0
1596	0
1597	2
1598	1
1599	2
1600	2
1601	0
1602	1
1603	2
1604	0
1605	1
1606	2
1607	0
1608	1
1609	0
1610	1
1611	0
1612	2
1613	2
1614	2
1615	0
1616	1
1617	2
1618	0
1619	2
1620	1
1621	2
1622	2
1623	1
1624	2
1625	2
1626	0
1627	1
1628	0
1629	1
1630	1
1631	0
1632	1
1633	1
1634	1
1635	1
1636	0
1637	2
1638	0
1639	1
1640	1
1641	1
1642	1
1643	1
1644	0
1645	2
1646	1
1647	1
1648	1
1649	2
1650	2
1651	1
1652	0
1653	2
1654	1
1655	0
1656	2
1657	2
1658	0
1659	1
1660	1
1661	0
1662	0
1663	2
1664	2
1665	0
1666	0
1667	1
1668	1
1669	2
1670	1
1671	1
1672	2
1673	0
1674	2
1675	2
1676	0
1677	1
1678	2
1679	2
1680	0
1681	1
1682	0
1683	0
1684	1
1685	1
1686	0
1687	0
1688	0
1689	1
1690	2
1691	2
1692	1
1693	1
1694	1
1695	2
1696	1
1697	2
1698	0
1699	1
1700	2
1701	1
1702	2
1703	0
1704	0
1705	2
1706	2
1707	1
1708	2
1709	0
1710	0
1711	1
1712	0
1713	1
1714	0
1715	0
1716	1
1717	2
1718	1
1719	0
1720	0
1721	2
1722	1
1723	1
1724	0
1725	0
1726	2
1727	1
1728	1
1729	2
1730	0
1731	1
1732	1
1733	0
1734	1
1735	0
1736	0
1737	2
1738	0
1739	2
1740	2
1741	0
1742	1
1743	2
1744	2
1745	0
1746	0
1747	1
1748	2
1749	2
1750	1
1751	1
1752	2
1753	0
1754	1
1755	0
1756	0
1757	0
1758	2
1759	2
1760	1
1761	2
1762	2
1763	2
1764	0
1765	2
1766	2
1767	2
1768	1
1769	0
1770	0
1771	1
1772	0
1773	1
1774	2
1775	1
1776	1
1777	2
1778	2
1779	1
1780	2
1781	2
1782	2
1783	0
1784	0
1785	2
1786	0
1787	2
1788	2
1789	1
1790	0
1791	1
1792	0
1793	2
1794	1
1795	0
1796	0
1797	1
1798	2
1799	1
1800	2
1801	1
1802	2
1803	1
1804	1
1805	1
1806	0
1807	1
1808	2
1809	0
1810	2
1811	0
1812	2
1813	2
1814	1
1815	1
1816	2
1817	1
1818	0
1819	1
1820	0
1821	0
1822	2
1823	1
1824	2
1825	2
1826	2
1827	0
1828	1
1829	1
1830	0
1831	0
1832	2
1833	1
1834	1
1835	0
1836	0
1837	2
1838	0
1839	0
1840	2
1841	2
1842	0
1843	0
1844	1
1845	0
1846	2
1847	0
1848	1
1849	2
1850	1
1851	2
1852	0
1853	0
1854	0
1855	1
1856	0
1857	0
1858	1
1859	0
1860	1
1861	2
1862	2
1863	0
1864	1
1865	1
1866	2
1867	1
1868	0
1869	2
1870	2
1871	0
1872	0
1873	2
1874	0
1875	1
1876	0
1877	2
1878	0
1879	1
1880	0
1881	0
1882	0
1883	0
1884	1
1885	1
1886	0
1887	1
1888	1
1889	0
1890	1
1891	1
1892	2
1893	1
1894	1
1895	1
1896	1
1897	2
1898	0
1899	1
1900	0
1901	1
1902	2
1903	0
1904	2
1905	2
1906	2
1907	2
1908	1
1909	1
1910	1
1911	0
1912	0
1913	1
1914	2
1915	1
1916	1
1917	1
1918	2
1919	1
1920	1
1921	2
1922	0
1923	0
1924	1
1925	0
1926	0
1927	1
1928	0
1929	2
1930	1
1931	0
1932	1
1933	2
1934	0
1935	1
1936	2
1937	0
1938	2
1939	1
1940	1
1941	2
1942	0
1943	0
1944	1
1945	1
1946	2
1947	0
1948	0
1949	1
1950	0
1951	1
1952	1
1953	1
1954	0
1955	2
1956	2
1957	1
1958	1
1959	1
1960	1
1961	2
1962	0
1963	2
1964	1
1965	1
1966	1
1967	1
1968	0
1969	0
1970	1
1971	1
1972	2
1973	2
1974	1
1975	2
1976	0
1977	0
1978	0
1979	2
1980	0
1981	1
1982	2
1983	1
1984	0
1985	1
1986	0
1987	1
1988	2
1989	0
1990	0
1991	2
1992	2
1993	1
1994	1
1995	1
1996	0
1997	0
1998	0
1999	1
