index	prediction
0	1
1	1
2	2
3	1
4	1
5	0
6	0
7	2
8	2
9	1
10	2
11	0
12	0
13	0
14	0
15	1
16	0
17	1
18	0
19	2
20	1
21	0
22	0
23	1
24	0
25	2
26	2
27	1
28	1
29	1
30	0
31	2
32	0
33	2
34	0
35	0
36	0
37	2
38	2
39	0
40	2
41	2
42	0
43	0
44	1
45	2
46	2
47	2
48	2
49	0
50	1
51	1
52	1
53	0
54	1
55	1
56	1
57	1
58	2
59	1
60	2
61	1
62	0
63	2
64	0
65	0
66	0
67	0
68	0
69	0
70	2
71	1
72	2
73	0
74	0
75	2
76	0
77	2
78	0
79	2
80	2
81	0
82	0
83	0
84	1
85	2
86	0
87	1
88	2
89	0
90	1
91	1
92	1
93	2
94	1
95	1
96	1
97	2
98	1
99	1
100	0
101	1
102	0
103	0
104	1
105	2
106	2
107	0
108	1
109	2
110	2
111	1
112	1
113	0
114	2
115	1
116	0
117	1
118	1
119	2
120	0
121	2
122	1
123	0
124	1
125	0
126	0
127	1
128	0
129	2
130	1
131	1
132	1
133	2
134	2
135	0
136	0
137	0
138	1
139	2
140	2
141	0
142	1
143	1
144	2
145	1
146	0
147	0
148	1
149	1
150	2
151	1
152	2
153	1
154	1
155	1
156	1
157	0
158	0
159	1
160	1
161	0
162	2
163	0
164	0
165	0
166	1
167	0
168	0
169	1
170	0
171	2
172	0
173	1
174	1
175	0
176	1
177	1
178	2
179	2
180	2
181	0
182	0
183	1
184	2
185	1
186	2
187	1
188	0
189	2
190	2
191	2
192	1
193	0
194	2
195	1
196	1
197	2
198	2
199	1
200	1
201	1
202	2
203	0
204	2
205	0
206	1
207	2
208	2
209	2
210	0
211	2
212	1
213	2
214	2
215	1
216	0
217	2
218	0
219	0
220	2
221	1
222	2
223	1
224	0
225	0
226	0
227	1
228	0
229	1
230	1
231	0
232	2
233	1
234	1
235	2
236	0
237	1
238	2
239	2
240	0
241	2
242	1
243	1
244	2
245	0
246	2
247	1
248	1
249	2
250	0
251	2
252	2
253	1
254	0
255	0
256	1
257	0
258	1
259	0
260	0
261	1
262	1
263	0
264	2
265	0
266	1
267	1
268	0
269	0
270	2
271	2
272	2
273	0
274	1
275	2
276	0
277	0
278	0
279	0
280	0
281	0
282	0
283	1
284	0
285	1
286	1
287	1
288	0
289	1
290	1
291	1
292	2
293	0
294	1
295	2
296	0
297	2
298	1
299	0
300	1
301	2
302	1
303	0
304	2
305	0
306	0
307	2
308	0
309	0
310	0
311	1
312	2
313	0
314	1
315	1
316	1
317	0
318	2
319	1
320	2
321	1
322	0
323	2
324	0
325	0
326	1
327	2
328	2
329	0
330	2
331	2
332	0
333	0
334	2
335	0
336	1
337	2
338	2
339	1
340	1
341	2
342	0
343	1
344	0
345	1
346	0
347	1
348	0
349	1
350	1
351	0
352	2
353	0
354	0
355	1
356	2
357	1
358	2
359	0
360	2
361	2
362	2
363	0
364	2
365	1
366	0
367	1
368	2
369	1
370	2
371	0
372	2
373	1
374	1
375	2
376	0
377	2
378	2
379	2
380	1
381	1
382	2
383	2
384	2
385	0
386	0
387	0
388	2
389	0
390	0
391	0
392	1
393	0
394	1
395	0
396	1
397	2
398	1
399	0
400	0
401	2
402	2
403	2
404	0
405	2
406	1
407	0
408	0
409	1
410	0
411	0
412	0
413	1
414	0
415	0
416	1
417	1
418	0
419	2
420	2
421	2
422	1
423	0
424	2
425	0
426	2
427	1
428	0
429	0
430	0
431	0
432	2
433	0
434	2
435	0
436	0
437	2
438	2
439	1
440	0
441	1
442	1
443	2
444	1
445	2
446	1
447	0
448	1
449	1
450	0
451	2
452	2
453	0
454	0
455	1
456	0
457	0
458	1
459	0
460	1
461	0
462	0
463	1
464	0
465	1
466	1
467	2
468	1
469	2
470	1
471	1
472	1
473	1
474	1
475	1
476	2
477	2
478	2
479	0
480	1
481	0
482	0
483	0
484	0
485	0
486	0
487	0
488	0
489	2
490	1
491	2
492	0
493	1
494	1
495	0
496	2
497	0
498	0
499	0
500	1
501	1
502	0
503	0
504	1
505	0
506	0
507	2
508	0
509	2
510	1
511	1
512	0
513	1
514	1
515	2
516	2
517	2
518	0
519	1
520	2
521	2
522	1
523	0
524	1
525	2
526	0
527	2
528	1
529	1
530	2
531	0
532	2
533	2
534	0
535	2
536	0
537	1
538	0
539	0
540	2
541	2
542	1
543	1
544	0
545	0
546	0
547	0
548	2
549	2
550	0
551	2
552	0
553	1
554	1
555	0
556	1
557	0
558	0
559	0
560	2
561	1
562	0
563	1
564	1
565	0
566	0
567	0
568	2
569	0
570	1
571	0
572	0
573	2
574	0
575	0
576	1
577	2
578	2
579	0
580	0
581	0
582	0
583	1
584	0
585	2
586	1
587	2
588	1
589	2
590	0
591	2
592	0
593	0
594	2
595	1
596	0
597	0
598	1
599	1
600	0
601	1
602	2
603	2
604	0
605	0
606	1
607	2
608	0
609	1
610	1
611	1
612	2
613	2
614	0
615	2
616	1
617	1
618	1
619	0
620	2
621	1
622	2
623	2
624	0
625	2
626	0
627	2
628	0
629	2
630	2
631	2
632	1
633	0
634	0
635	0
636	1
637	0
638	1
639	0
640	0
641	1
642	0
643	2
644	2
645	2
646	2
647	0
648	0
649	1
650	0
651	0
652	1
653	1
654	0
655	2
656	2
657	0
658	1
659	0
660	0
661	1
662	0
663	1
664	0
665	2
666	2
667	0
668	2
669	1
670	1
671	2
672	2
673	0
674	0
675	1
676	1
677	1
678	2
679	0
680	1
681	0
682	0
683	2
684	1
685	2
686	0
687	0
688	2
689	0
690	0
691	0
692	0
693	2
694	0
695	1
696	1
697	0
698	1
699	2
700	0
701	1
702	2
703	1
704	1
705	2
706	2
707	1
708	1
709	0
710	2
711	0
712	1
713	2
714	1
715	2
716	0
717	0
718	2
719	1
720	0
721	1
722	1
723	1
724	1
725	2
726	2
727	1
728	2
729	1
730	0
731	0
732	0
733	2
734	0
735	0
736	1
737	1
738	2
739	2
740	1
741	2
742	0
743	1
744	2
745	1
746	0
747	2
748	0
749	2
750	0
751	1
752	0
753	0
754	0
755	1
756	1
757	0
758	1
759	0
760	2
761	0
762	0
763	2
764	2
765	1
766	1
767	2
768	0
769	0
770	0
771	0
772	0
773	2
774	0
775	0
776	1
777	0
778	1
779	0
780	1
781	2
782	0
783	2
784	0
785	1
786	0
787	0
788	2
789	0
790	2
791	2
792	1
793	1
794	0
795	1
796	1
797	1
798	1
799	2
800	1
801	2
802	1
803	1
804	0
805	1
806	1
807	0
808	1
809	0
810	0
811	1
812	1
813	0
814	0
815	2
816	0
817	1
818	1
819	1
820	0
821	1
822	1
823	0
824	0
825	0
826	2
827	1
828	2
829	2
830	1
831	0
832	0
833	1
834	1
835	1
836	2
837	0
838	1
839	0
840	0
841	0
842	1
843	0
844	0
845	1
846	2
847	1
848	0
849	2
850	0
851	0
852	0
853	0
854	0
855	0
856	0
857	0
858	2
859	0
860	0
861	0
862	0
863	0
864	2
865	0
866	0
867	0
868	0
869	0
870	0
871	1
872	1
873	0
874	1
875	0
876	1
877	0
878	0
879	0
880	0
881	2
882	2
883	0
884	0
885	0
886	0
887	0
888	0
889	2
890	1
891	1
892	2
893	1
894	0
895	1
896	0
897	1
898	2
899	2
900	0
901	0
902	1
903	0
904	0
905	2
906	0
907	0
908	1
909	1
910	1
911	0
912	0
913	2
914	1
915	0
916	2
917	1
918	0
919	0
920	1
921	1
922	0
923	1
924	1
925	1
926	2
927	1
928	0
929	0
930	0
931	2
932	0
933	0
934	0
935	1
936	1
937	0
938	2
939	1
940	1
941	1
942	0
943	1
944	1
945	0
946	0
947	1
948	1
949	2
950	1
951	1
952	2
953	2
954	2
955	0
956	2
957	2
958	2
959	1
960	0
961	2
962	1
963	2
964	0
965	2
966	1
967	2
968	1
969	1
970	0
971	0
972	1
973	2
974	0
975	2
976	2
977	1
978	0
979	0
980	1
981	0
982	0
983	1
984	0
985	1
986	2
987	0
988	1
989	0
990	1
991	0
992	2
993	2
994	1
995	1
996	1
997	1
998	0
999	2
1000	1
1001	1
1002	2
1003	2
1004	0
1005	0
1006	1
1007	0
1008	1
1009	1
1010	0
1011	0
1012	1
1013	2
1014	2
1015	1
1016	2
1017	1
1018	1
1019	2
1020	1
1021	1
1022	2
1023	0
1024	2
1025	1
1026	2
1027	1
1028	0
1029	1
1030	1
1031	1
1032	2
1033	2
1034	0
1035	2
1036	2
1037	2
1038	1
1039	1
1040	1
1041	1
1042	0
1043	0
1044	1
1045	2
1046	1
1047	2
1048	0
1049	0
1050	2
1051	0
1052	0
1053	0
1054	1
1055	0
1056	0
1057	0
1058	2
1059	0
1060	1
1061	1
1062	0
1063	2
1064	1
1065	1
1066	1
1067	2
1068	1
1069	0
1070	2
1071	1
1072	0
1073	1
1074	2
1075	1
1076	1
1077	1
1078	0
1079	0
1080	0
1081	1
1082	2
1083	0
1084	1
1085	1
1086	0
1087	2
1088	2
1089	1
1090	2
1091	0
1092	1
1093	0
1094	0
1095	0
1096	1
1097	0
1098	2
1099	2
1100	2
1101	2
1102	0
1103	1
1104	2
1105	2
1106	0
1107	0
1108	1
1109	2
1110	0
1111	2
1112	2
1113	0
1114	2
1115	1
1116	2
1117	0
1118	1
1119	2
1120	1
1121	0
1122	0
1123	1
1124	1
1125	2
1126	2
1127	2
1128	0
1129	2
1130	0
1131	0
1132	0
1133	1
1134	1
1135	1
1136	0
1137	1
1138	0
1139	0
1140	1
1141	1
1142	1
1143	1
1144	1
1145	2
1146	1
1147	1
1148	1
1149	1
1150	1
1151	0
1152	1
1153	1
1154	2
1155	2
1156	1
1157	1
1158	2
1159	0
1160	1
1161	1
1162	1
1163	1
1164	0
1165	0
1166	0
1167	0
1168	0
1169	0
1170	1
1171	1
1172	0
1173	0
1174	2
1175	1
1176	0
1177	0
1178	2
1179	0
1180	2
1181	0
1182	2
1183	1
1184	1
1185	1
1186	2
1187	1
1188	0
1189	1
1190	2
1191	0
1192	0
1193	2
1194	1
1195	0
1196	2
1197	2
1198	2
1199	2
1200	1
1201	2
1202	2
1203	0
1204	1
1205	2
1206	1
1207	0
1208	0
1209	0
1210	1
1211	1
1212	1
1213	1
1214	0
1215	0
1216	1
1217	2
1218	1
1219	0
1220	0
1221	0
1222	1
1223	1
1224	0
1225	2
1226	2
1227	1
1228	0
1229	0
1230	0
1231	2
1232	1
1233	2
1234	0
1235	1
1236	2
1237	2
1238	0
1239	0
1240	1
1241	0
1242	0
1243	2
1244	1
1245	0
1246	0
1247	2
1248	1
1249	2
1250	1
1251	2
1252	0
1253	2
1254	2
1255	2
1256	1
1257	0
1258	0
1259	2
1260	2
1261	0
1262	0
1263	0
1264	0
1265	1
1266	2
1267	2
1268	1
1269	1
1270	1
1271	1
1272	1
1273	0
1274	1
1275	0
1276	0
1277	2
1278	1
1279	0
1280	2
1281	0
1282	0
1283	0
1284	0
1285	1
1286	0
1287	1
1288	0
1289	0
1290	0
1291	0
1292	0
1293	1
1294	1
1295	0
1296	1
1297	1
1298	1
1299	1
1300	0
1301	0
1302	1
1303	2
1304	1
1305	1
1306	0
1307	2
1308	0
1309	0
1310	1
1311	0
1312	2
1313	0
1314	2
1315	1
1316	1
1317	1
1318	1
1319	1
1320	2
1321	2
1322	1
1323	0
1324	0
1325	1
1326	1
1327	0
1328	1
1329	1
1330	2
1331	0
1332	0
1333	1
1334	2
1335	1
1336	1
1337	2
1338	2
1339	1
1340	2
1341	1
1342	0
1343	1
1344	1
1345	0
1346	2
1347	0
1348	0
1349	2
1350	1
1351	1
1352	0
1353	0
1354	1
1355	0
1356	2
1357	0
1358	0
1359	0
1360	0
1361	2
1362	0
1363	1
1364	2
1365	0
1366	0
1367	2
1368	0
1369	0
1370	1
1371	2
1372	0
1373	1
1374	1
1375	0
1376	2
1377	1
1378	0
1379	0
1380	2
1381	1
1382	0
1383	1
1384	2
1385	1
1386	1
1387	0
1388	0
1389	0
1390	0
1391	0
1392	2
1393	1
1394	0
1395	2
1396	2
1397	0
1398	2
1399	2
1400	0
1401	0
1402	1
1403	0
1404	1
1405	1
1406	0
1407	1
1408	0
1409	2
1410	0
1411	1
1412	0
1413	2
1414	0
1415	2
1416	2
1417	2
1418	0
1419	1
1420	2
1421	1
1422	0
1423	1
1424	0
1425	2
1426	1
1427	2
1428	0
1429	0
1430	0
1431	0
1432	2
1433	0
1434	0
1435	0
1436	0
1437	0
1438	1
1439	2
1440	2
1441	2
1442	2
1443	1
1444	2
1445	2
1446	0
1447	2
1448	2
1449	1
1450	0
1451	2
1452	1
1453	0
1454	0
1455	1
1456	1
1457	1
1458	0
1459	0
1460	0
1461	1
1462	0
1463	0
1464	1
1465	0
1466	0
1467	1
1468	2
1469	2
1470	0
1471	1
1472	0
1473	2
1474	1
1475	1
1476	1
1477	1
1478	0
1479	0
1480	1
1481	1
1482	0
1483	0
1484	1
1485	0
1486	0
1487	1
1488	1
1489	1
1490	1
1491	2
1492	0
1493	0
1494	0
1495	0
1496	1
1497	0
1498	0
1499	1
1500	1
1501	1
1502	1
1503	0
1504	0
1505	1
1506	0
1507	0
1508	2
1509	0
1510	0
1511	1
1512	0
1513	0
1514	1
1515	1
1516	2
1517	1
1518	2
1519	0
1520	0
1521	1
1522	1
1523	0
1524	0
1525	2
1526	1
1527	0
1528	1
1529	0
1530	0
1531	1
1532	0
1533	0
1534	0
1535	2
1536	1
1537	0
1538	0
1539	0
1540	2
1541	2
1542	1
1543	2
1544	1
1545	2
1546	2
1547	0
1548	1
1549	1
1550	2
1551	0
1552	0
1553	2
1554	2
1555	1
1556	1
1557	2
1558	0
1559	1
1560	1
1561	0
1562	2
1563	1
1564	0
1565	0
1566	1
1567	2
1568	0
1569	0
1570	1
1571	2
1572	0
1573	2
1574	2
1575	2
1576	2
1577	0
1578	1
1579	1
1580	0
1581	0
1582	0
1583	1
1584	2
1585	0
1586	0
1587	0
1588	0
1589	1
1590	2
1591	1
1592	2
1593	0
1594	0
1595	0
1596	2
1597	0
1598	1
1599	2
1600	2
1601	0
1602	1
1603	2
1604	0
1605	1
1606	2
1607	0
1608	1
1609	1
1610	1
1611	2
1612	2
1613	2
1614	2
1615	1
1616	1
1617	1
1618	0
1619	0
1620	2
1621	1
1622	0
1623	0
1624	1
1625	1
1626	0
1627	0
1628	1
1629	2
1630	1
1631	0
1632	1
1633	1
1634	1
1635	0
1636	1
1637	2
1638	1
1639	2
1640	1
1641	0
1642	1
1643	1
1644	0
1645	1
1646	1
1647	1
1648	0
1649	0
1650	0
1651	1
1652	0
1653	1
1654	1
1655	1
1656	0
1657	2
1658	0
1659	1
1660	0
1661	0
1662	0
1663	0
1664	2
1665	1
1666	0
1667	1
1668	2
1669	2
1670	2
1671	1
1672	2
1673	0
1674	2
1675	2
1676	0
1677	0
1678	0
1679	2
1680	0
1681	1
1682	1
1683	0
1684	1
1685	0
1686	0
1687	0
1688	0
1689	1
1690	2
1691	0
1692	0
1693	0
1694	2
1695	0
1696	1
1697	2
1698	1
1699	1
1700	2
1701	1
1702	0
1703	0
1704	0
1705	0
1706	1
1707	0
1708	1
1709	0
1710	1
1711	1
1712	1
1713	1
1714	0
1715	0
1716	1
1717	2
1718	1
1719	0
1720	0
1721	1
1722	2
1723	0
1724	0
1725	2
1726	2
1727	1
1728	1
1729	2
1730	0
1731	0
1732	2
1733	0
1734	0
1735	1
1736	0
1737	2
1738	0
1739	2
1740	2
1741	0
1742	0
1743	0
1744	2
1745	0
1746	1
1747	2
1748	2
1749	1
1750	2
1751	1
1752	1
1753	0
1754	0
1755	0
1756	0
1757	0
1758	2
1759	1
1760	1
1761	2
1762	2
1763	1
1764	0
1765	2
1766	0
1767	1
1768	1
1769	0
1770	1
1771	0
1772	0
1773	2
1774	2
1775	0
1776	2
1777	0
1778	2
1779	1
1780	0
1781	0
1782	2
1783	0
1784	0
1785	2
1786	0
1787	2
1788	2
1789	1
1790	0
1791	1
1792	1
1793	1
1794	1
1795	0
1796	0
1797	1
1798	2
1799	1
1800	1
1801	0
1802	0
1803	2
1804	2
1805	2
1806	0
1807	1
1808	2
1809	2
1810	2
1811	0
1812	2
1813	0
1814	1
1815	0
1816	0
1817	2
1818	0
1819	1
1820	1
1821	1
1822	1
1823	0
1824	0
1825	2
1826	2
1827	0
1828	0
1829	2
1830	0
1831	0
1832	2
1833	1
1834	1
1835	0
1836	0
1837	2
1838	1
1839	0
1840	2
1841	0
1842	0
1843	0
1844	1
1845	1
1846	0
1847	1
1848	2
1849	2
1850	0
1851	2
1852	0
1853	0
1854	0
1855	1
1856	0
1857	2
1858	1
1859	1
1860	2
1861	2
1862	2
1863	1
1864	2
1865	0
1866	2
1867	1
1868	2
1869	2
1870	2
1871	0
1872	0
1873	2
1874	0
1875	1
1876	0
1877	1
1878	0
1879	1
1880	1
1881	0
1882	2
1883	0
1884	1
1885	1
1886	0
1887	1
1888	1
1889	0
1890	2
1891	0
1892	1
1893	1
1894	1
1895	1
1896	1
1897	0
1898	1
1899	0
1900	0
1901	1
1902	1
1903	1
1904	2
1905	2
1906	1
1907	2
1908	1
1909	1
1910	2
1911	1
1912	2
1913	1
1914	0
1915	2
1916	2
1917	1
1918	2
1919	1
1920	0
1921	0
1922	1
1923	0
1924	2
1925	0
1926	1
1927	1
1928	0
1929	2
1930	0
1931	1
1932	1
1933	2
1934	0
1935	1
1936	2
1937	1
1938	2
1939	0
1940	0
1941	1
1942	1
1943	1
1944	1
1945	1
1946	2
1947	2
1948	0
1949	0
1950	0
1951	0
1952	0
1953	0
1954	2
1955	1
1956	2
1957	1
1958	2
1959	2
1960	2
1961	1
1962	0
1963	0
1964	0
1965	1
1966	0
1967	0
1968	0
1969	0
1970	2
1971	1
1972	2
1973	2
1974	0
1975	2
1976	0
1977	0
1978	0
1979	2
1980	0
1981	0
1982	0
1983	1
1984	1
1985	0
1986	2
1987	0
1988	2
1989	2
1990	0
1991	2
1992	1
1993	1
1994	0
1995	1
1996	0
1997	2
1998	0
1999	1
