index	prediction
0	0
1	1
2	0
3	0
4	0
5	0
6	0
7	1
8	2
9	2
10	0
11	1
12	0
13	2
14	1
15	2
16	0
17	2
18	2
19	2
20	0
21	0
22	0
23	1
24	1
25	1
26	2
27	0
28	0
29	1
30	0
31	2
32	1
33	1
34	0
35	0
36	0
37	1
38	2
39	0
40	0
41	2
42	2
43	0
44	2
45	2
46	0
47	2
48	0
49	1
50	0
51	1
52	1
53	1
54	0
55	0
56	0
57	0
58	2
59	1
60	0
61	0
62	1
63	2
64	1
65	1
66	1
67	0
68	0
69	0
70	0
71	1
72	2
73	0
74	2
75	1
76	1
77	1
78	1
79	0
80	2
81	0
82	2
83	1
84	1
85	2
86	0
87	0
88	2
89	0
90	1
91	0
92	0
93	0
94	1
95	1
96	1
97	2
98	0
99	2
100	1
101	1
102	1
103	0
104	0
105	2
106	1
107	0
108	2
109	1
110	2
111	0
112	1
113	2
114	2
115	0
116	2
117	1
118	2
119	2
120	0
121	2
122	2
123	0
124	0
125	2
126	1
127	1
128	0
129	0
130	1
131	1
132	2
133	2
134	2
135	0
136	1
137	0
138	1
139	2
140	1
141	0
142	1
143	1
144	2
145	0
146	2
147	2
148	2
149	1
150	2
151	2
152	2
153	1
154	1
155	1
156	1
157	2
158	1
159	1
160	1
161	1
162	2
163	1
164	1
165	2
166	2
167	1
168	0
169	2
170	1
171	1
172	0
173	0
174	1
175	0
176	2
177	1
178	2
179	1
180	2
181	2
182	0
183	0
184	2
185	1
186	0
187	1
188	1
189	0
190	2
191	2
192	1
193	0
194	0
195	1
196	1
197	0
198	1
199	1
200	2
201	1
202	2
203	0
204	2
205	2
206	1
207	2
208	0
209	1
210	0
211	2
212	2
213	1
214	2
215	0
216	0
217	2
218	0
219	0
220	2
221	1
222	0
223	1
224	1
225	0
226	0
227	1
228	1
229	1
230	1
231	1
232	1
233	1
234	0
235	1
236	1
237	1
238	0
239	1
240	2
241	1
242	0
243	2
244	0
245	0
246	2
247	1
248	1
249	2
250	0
251	1
252	0
253	1
254	1
255	2
256	2
257	0
258	1
259	0
260	2
261	1
262	2
263	0
264	0
265	0
266	1
267	0
268	2
269	0
270	1
271	2
272	2
273	2
274	2
275	0
276	0
277	0
278	0
279	1
280	0
281	0
282	0
283	2
284	1
285	0
286	1
287	0
288	0
289	2
290	1
291	1
292	1
293	0
294	1
295	2
296	1
297	2
298	1
299	1
300	0
301	0
302	2
303	0
304	0
305	1
306	0
307	2
308	2
309	0
310	2
311	0
312	2
313	0
314	1
315	1
316	0
317	2
318	1
319	0
320	0
321	1
322	1
323	2
324	1
325	1
326	1
327	2
328	2
329	2
330	2
331	2
332	2
333	2
334	2
335	0
336	1
337	2
338	2
339	1
340	1
341	1
342	1
343	1
344	1
345	1
346	2
347	0
348	0
349	1
350	1
351	0
352	1
353	0
354	0
355	1
356	1
357	1
358	1
359	0
360	0
361	2
362	2
363	2
364	2
365	2
366	1
367	1
368	0
369	0
370	1
371	2
372	0
373	2
374	0
375	0
376	2
377	1
378	2
379	0
380	0
381	2
382	2
383	2
384	2
385	2
386	1
387	2
388	1
389	0
390	2
391	0
392	1
393	2
394	1
395	0
396	1
397	2
398	2
399	0
400	0
401	1
402	2
403	2
404	1
405	2
406	2
407	0
408	0
409	1
410	1
411	1
412	1
413	1
414	0
415	0
416	1
417	1
418	0
419	1
420	2
421	1
422	2
423	1
424	2
425	1
426	1
427	2
428	2
429	1
430	0
431	0
432	2
433	2
434	1
435	2
436	0
437	2
438	2
439	2
440	0
441	1
442	2
443	0
444	1
445	1
446	1
447	1
448	0
449	2
450	2
451	1
452	0
453	0
454	2
455	1
456	1
457	0
458	1
459	0
460	2
461	1
462	1
463	1
464	1
465	1
466	2
467	2
468	1
469	0
470	1
471	0
472	1
473	0
474	2
475	1
476	1
477	0
478	2
479	2
480	0
481	0
482	1
483	0
484	0
485	0
486	0
487	0
488	0
489	2
490	0
491	2
492	1
493	1
494	0
495	0
496	2
497	1
498	2
499	0
500	0
501	1
502	2
503	0
504	1
505	0
506	0
507	2
508	0
509	2
510	2
511	1
512	0
513	1
514	0
515	0
516	2
517	2
518	0
519	2
520	0
521	0
522	1
523	0
524	0
525	2
526	2
527	2
528	2
529	1
530	2
531	0
532	2
533	2
534	0
535	2
536	0
537	1
538	0
539	0
540	0
541	0
542	1
543	1
544	1
545	1
546	0
547	0
548	1
549	0
550	2
551	1
552	1
553	1
554	1
555	1
556	1
557	2
558	1
559	0
560	2
561	1
562	1
563	1
564	1
565	1
566	1
567	0
568	0
569	0
570	1
571	0
572	2
573	1
574	0
575	0
576	1
577	2
578	2
579	1
580	0
581	0
582	2
583	1
584	0
585	1
586	1
587	2
588	2
589	2
590	0
591	2
592	1
593	0
594	0
595	1
596	0
597	1
598	0
599	1
600	0
601	2
602	1
603	1
604	0
605	0
606	1
607	2
608	0
609	2
610	1
611	0
612	2
613	0
614	2
615	2
616	1
617	1
618	1
619	0
620	2
621	1
622	0
623	1
624	0
625	2
626	2
627	1
628	0
629	1
630	2
631	0
632	2
633	0
634	1
635	1
636	0
637	0
638	1
639	2
640	1
641	1
642	0
643	1
644	2
645	0
646	2
647	0
648	0
649	2
650	2
651	1
652	1
653	1
654	1
655	1
656	2
657	0
658	0
659	0
660	1
661	1
662	1
663	2
664	0
665	2
666	2
667	0
668	2
669	0
670	2
671	0
672	2
673	2
674	0
675	0
676	0
677	0
678	0
679	0
680	2
681	1
682	0
683	2
684	1
685	2
686	0
687	0
688	0
689	0
690	0
691	0
692	2
693	1
694	0
695	0
696	0
697	0
698	2
699	1
700	2
701	1
702	0
703	1
704	1
705	2
706	1
707	2
708	1
709	0
710	1
711	0
712	2
713	2
714	0
715	1
716	0
717	1
718	2
719	1
720	1
721	1
722	1
723	0
724	1
725	0
726	2
727	2
728	2
729	1
730	1
731	1
732	0
733	1
734	2
735	0
736	1
737	2
738	2
739	2
740	1
741	1
742	2
743	1
744	0
745	0
746	0
747	1
748	0
749	0
750	1
751	2
752	2
753	0
754	0
755	1
756	1
757	0
758	1
759	2
760	1
761	0
762	1
763	0
764	2
765	1
766	1
767	2
768	0
769	1
770	0
771	2
772	0
773	2
774	1
775	0
776	1
777	2
778	0
779	0
780	2
781	2
782	1
783	0
784	2
785	1
786	0
787	0
788	2
789	0
790	1
791	1
792	1
793	1
794	1
795	1
796	1
797	1
798	1
799	2
800	1
801	2
802	1
803	1
804	0
805	1
806	1
807	1
808	0
809	1
810	1
811	1
812	1
813	2
814	0
815	2
816	1
817	0
818	1
819	1
820	0
821	1
822	0
823	1
824	2
825	0
826	0
827	2
828	1
829	1
830	2
831	0
832	1
833	1
834	1
835	1
836	1
837	0
838	1
839	0
840	0
841	0
842	1
843	0
844	1
845	1
846	2
847	1
848	0
849	2
850	1
851	1
852	1
853	1
854	1
855	1
856	2
857	0
858	1
859	0
860	0
861	0
862	1
863	0
864	0
865	1
866	0
867	0
868	0
869	0
870	1
871	0
872	2
873	2
874	1
875	0
876	2
877	0
878	1
879	2
880	1
881	0
882	0
883	0
884	1
885	0
886	0
887	0
888	0
889	1
890	1
891	0
892	1
893	0
894	0
895	1
896	1
897	2
898	1
899	1
900	0
901	1
902	2
903	0
904	0
905	1
906	1
907	1
908	0
909	0
910	1
911	2
912	0
913	1
914	1
915	0
916	2
917	0
918	0
919	0
920	1
921	1
922	1
923	0
924	2
925	1
926	2
927	0
928	0
929	1
930	1
931	2
932	2
933	1
934	1
935	1
936	1
937	1
938	2
939	0
940	0
941	0
942	0
943	1
944	1
945	0
946	1
947	0
948	1
949	2
950	1
951	0
952	2
953	2
954	2
955	2
956	2
957	0
958	0
959	0
960	0
961	0
962	1
963	0
964	0
965	2
966	2
967	1
968	0
969	1
970	0
971	0
972	1
973	2
974	0
975	2
976	1
977	2
978	2
979	2
980	1
981	0
982	1
983	2
984	1
985	0
986	2
987	0
988	0
989	1
990	0
991	0
992	1
993	2
994	1
995	1
996	1
997	1
998	0
999	1
1000	1
1001	1
1002	1
1003	0
1004	1
1005	0
1006	2
1007	2
1008	1
1009	2
1010	2
1011	1
1012	1
1013	1
1014	2
1015	1
1016	1
1017	2
1018	1
1019	2
1020	1
1021	2
1022	1
1023	1
1024	1
1025	1
1026	2
1027	0
1028	2
1029	1
1030	1
1031	1
1032	2
1033	2
1034	1
1035	1
1036	2
1037	1
1038	2
1039	1
1040	1
1041	1
1042	1
1043	0
1044	1
1045	2
1046	2
1047	1
1048	0
1049	2
1050	2
1051	0
1052	0
1053	0
1054	1
1055	0
1056	2
1057	0
1058	1
1059	0
1060	2
1061	0
1062	0
1063	2
1064	1
1065	2
1066	1
1067	1
1068	0
1069	2
1070	0
1071	2
1072	2
1073	1
1074	2
1075	0
1076	1
1077	1
1078	1
1079	1
1080	1
1081	2
1082	1
1083	1
1084	1
1085	2
1086	2
1087	2
1088	1
1089	2
1090	1
1091	0
1092	1
1093	0
1094	1
1095	0
1096	0
1097	0
1098	0
1099	0
1100	2
1101	1
1102	1
1103	1
1104	1
1105	2
1106	0
1107	1
1108	1
1109	2
1110	1
1111	1
1112	0
1113	1
1114	0
1115	1
1116	2
1117	2
1118	1
1119	0
1120	1
1121	0
1122	0
1123	1
1124	1
1125	1
1126	2
1127	2
1128	0
1129	2
1130	2
1131	1
1132	2
1133	2
1134	1
1135	0
1136	1
1137	1
1138	0
1139	0
1140	1
1141	1
1142	1
1143	1
1144	2
1145	2
1146	1
1147	1
1148	1
1149	1
1150	0
1151	2
1152	1
1153	1
1154	2
1155	1
1156	1
1157	1
1158	2
1159	0
1160	1
1161	2
1162	1
1163	1
1164	0
1165	1
1166	0
1167	0
1168	1
1169	2
1170	1
1171	2
1172	0
1173	0
1174	2
1175	1
1176	0
1177	1
1178	0
1179	0
1180	2
1181	2
1182	1
1183	1
1184	2
1185	1
1186	2
1187	0
1188	2
1189	1
1190	2
1191	2
1192	0
1193	2
1194	0
1195	0
1196	2
1197	2
1198	2
1199	1
1200	1
1201	2
1202	0
1203	2
1204	0
1205	2
1206	0
1207	2
1208	0
1209	0
1210	1
1211	2
1212	1
1213	2
1214	1
1215	0
1216	1
1217	2
1218	2
1219	2
1220	0
1221	2
1222	2
1223	0
1224	2
1225	2
1226	2
1227	0
1228	0
1229	0
1230	1
1231	1
1232	2
1233	1
1234	0
1235	1
1236	0
1237	2
1238	1
1239	0
1240	1
1241	2
1242	2
1243	2
1244	1
1245	0
1246	2
1247	0
1248	1
1249	0
1250	0
1251	1
1252	0
1253	0
1254	2
1255	2
1256	1
1257	0
1258	1
1259	0
1260	2
1261	1
1262	0
1263	2
1264	0
1265	2
1266	2
1267	0
1268	1
1269	1
1270	1
1271	0
1272	0
1273	1
1274	1
1275	0
1276	1
1277	2
1278	1
1279	0
1280	2
1281	0
1282	0
1283	2
1284	0
1285	1
1286	1
1287	0
1288	0
1289	2
1290	0
1291	0
1292	2
1293	1
1294	1
1295	0
1296	2
1297	1
1298	1
1299	1
1300	0
1301	2
1302	1
1303	1
1304	1
1305	1
1306	0
1307	1
1308	0
1309	0
1310	1
1311	2
1312	2
1313	0
1314	2
1315	1
1316	0
1317	0
1318	0
1319	1
1320	0
1321	2
1322	1
1323	1
1324	0
1325	1
1326	2
1327	2
1328	2
1329	0
1330	0
1331	0
1332	2
1333	1
1334	0
1335	1
1336	1
1337	1
1338	2
1339	1
1340	1
1341	1
1342	2
1343	0
1344	1
1345	0
1346	2
1347	0
1348	1
1349	2
1350	1
1351	1
1352	0
1353	0
1354	2
1355	0
1356	2
1357	0
1358	0
1359	2
1360	2
1361	0
1362	2
1363	1
1364	0
1365	0
1366	0
1367	2
1368	0
1369	0
1370	1
1371	1
1372	0
1373	0
1374	2
1375	1
1376	1
1377	1
1378	0
1379	1
1380	2
1381	1
1382	0
1383	1
1384	2
1385	1
1386	1
1387	1
1388	0
1389	0
1390	0
1391	0
1392	1
1393	0
1394	0
1395	0
1396	2
1397	1
1398	0
1399	1
1400	0
1401	2
1402	1
1403	0
1404	1
1405	2
1406	2
1407	1
1408	2
1409	1
1410	2
1411	0
1412	0
1413	2
1414	1
1415	0
1416	1
1417	0
1418	1
1419	2
1420	2
1421	0
1422	0
1423	1
1424	1
1425	2
1426	0
1427	0
1428	1
1429	0
1430	0
1431	2
1432	2
1433	0
1434	0
1435	2
1436	0
1437	0
1438	1
1439	1
1440	1
1441	2
1442	2
1443	0
1444	2
1445	2
1446	2
1447	2
1448	2
1449	1
1450	0
1451	2
1452	2
1453	0
1454	1
1455	0
1456	1
1457	0
1458	1
1459	1
1460	0
1461	1
1462	1
1463	2
1464	1
1465	2
1466	0
1467	2
1468	1
1469	2
1470	0
1471	1
1472	1
1473	2
1474	1
1475	1
1476	1
1477	1
1478	0
1479	1
1480	2
1481	1
1482	0
1483	0
1484	1
1485	1
1486	0
1487	1
1488	0
1489	1
1490	1
1491	0
1492	0
1493	0
1494	0
1495	0
1496	0
1497	0
1498	1
1499	1
1500	0
1501	1
1502	1
1503	2
1504	1
1505	1
1506	2
1507	0
1508	2
1509	0
1510	0
1511	1
1512	2
1513	0
1514	1
1515	0
1516	0
1517	1
1518	2
1519	0
1520	2
1521	1
1522	1
1523	1
1524	0
1525	0
1526	0
1527	0
1528	1
1529	2
1530	2
1531	1
1532	1
1533	0
1534	0
1535	0
1536	1
1537	1
1538	1
1539	2
1540	1
1541	0
1542	1
1543	1
1544	1
1545	2
1546	2
1547	2
1548	0
1549	1
1550	1
1551	0
1552	1
1553	1
1554	2
1555	0
1556	2
1557	1
1558	0
1559	0
1560	1
1561	1
1562	0
1563	1
1564	1
1565	2
1566	1
1567	2
1568	1
1569	2
1570	0
1571	2
1572	2
1573	2
1574	1
1575	0
1576	2
1577	0
1578	1
1579	1
1580	0
1581	0
1582	0
1583	0
1584	2
1585	1
1586	0
1587	0
1588	1
1589	0
1590	2
1591	1
1592	1
1593	0
1594	1
1595	0
1596	1
1597	2
1598	1
1599	2
1600	2
1601	2
1602	1
1603	2
1604	1
1605	1
1606	0
1607	0
1608	0
1609	1
1610	1
1611	0
1612	2
1613	2
1614	1
1615	2
1616	1
1617	1
1618	0
1619	0
1620	2
1621	0
1622	2
1623	0
1624	1
1625	2
1626	2
1627	1
1628	0
1629	0
1630	2
1631	0
1632	0
1633	1
1634	1
1635	0
1636	0
1637	0
1638	0
1639	0
1640	1
1641	1
1642	1
1643	2
1644	0
1645	1
1646	2
1647	1
1648	0
1649	2
1650	2
1651	0
1652	0
1653	2
1654	1
1655	0
1656	2
1657	2
1658	0
1659	0
1660	0
1661	0
1662	0
1663	2
1664	1
1665	0
1666	2
1667	0
1668	2
1669	0
1670	1
1671	1
1672	0
1673	0
1674	2
1675	1
1676	0
1677	0
1678	0
1679	2
1680	0
1681	1
1682	1
1683	2
1684	1
1685	2
1686	0
1687	0
1688	0
1689	1
1690	1
1691	0
1692	1
1693	1
1694	1
1695	2
1696	1
1697	2
1698	0
1699	1
1700	2
1701	1
1702	2
1703	0
1704	1
1705	2
1706	0
1707	1
1708	0
1709	0
1710	0
1711	1
1712	1
1713	1
1714	0
1715	1
1716	0
1717	1
1718	1
1719	0
1720	2
1721	0
1722	2
1723	0
1724	0
1725	1
1726	2
1727	1
1728	1
1729	2
1730	0
1731	2
1732	1
1733	0
1734	1
1735	0
1736	0
1737	2
1738	0
1739	0
1740	1
1741	2
1742	0
1743	0
1744	1
1745	0
1746	2
1747	1
1748	2
1749	1
1750	0
1751	1
1752	2
1753	0
1754	1
1755	1
1756	0
1757	0
1758	1
1759	1
1760	1
1761	0
1762	2
1763	1
1764	0
1765	2
1766	0
1767	1
1768	1
1769	1
1770	0
1771	2
1772	0
1773	1
1774	2
1775	0
1776	1
1777	0
1778	2
1779	2
1780	1
1781	2
1782	1
1783	0
1784	1
1785	0
1786	0
1787	2
1788	2
1789	1
1790	0
1791	0
1792	0
1793	0
1794	1
1795	0
1796	0
1797	0
1798	0
1799	0
1800	2
1801	0
1802	0
1803	2
1804	0
1805	1
1806	0
1807	1
1808	2
1809	0
1810	1
1811	0
1812	2
1813	2
1814	1
1815	0
1816	2
1817	2
1818	0
1819	1
1820	0
1821	1
1822	1
1823	1
1824	1
1825	2
1826	2
1827	0
1828	2
1829	0
1830	0
1831	0
1832	2
1833	1
1834	0
1835	0
1836	0
1837	2
1838	0
1839	0
1840	2
1841	0
1842	0
1843	0
1844	1
1845	0
1846	2
1847	0
1848	2
1849	2
1850	2
1851	2
1852	0
1853	1
1854	2
1855	2
1856	0
1857	0
1858	2
1859	2
1860	0
1861	1
1862	1
1863	0
1864	1
1865	1
1866	2
1867	0
1868	0
1869	2
1870	0
1871	0
1872	0
1873	2
1874	1
1875	1
1876	1
1877	1
1878	0
1879	1
1880	0
1881	2
1882	2
1883	0
1884	1
1885	1
1886	0
1887	2
1888	1
1889	0
1890	1
1891	1
1892	2
1893	1
1894	0
1895	1
1896	0
1897	1
1898	0
1899	1
1900	2
1901	0
1902	2
1903	1
1904	2
1905	2
1906	2
1907	2
1908	1
1909	1
1910	1
1911	0
1912	1
1913	1
1914	0
1915	2
1916	1
1917	1
1918	0
1919	1
1920	0
1921	2
1922	1
1923	0
1924	1
1925	1
1926	2
1927	1
1928	0
1929	2
1930	0
1931	1
1932	0
1933	0
1934	0
1935	0
1936	2
1937	2
1938	2
1939	2
1940	2
1941	2
1942	1
1943	0
1944	1
1945	0
1946	2
1947	2
1948	1
1949	0
1950	0
1951	1
1952	0
1953	0
1954	2
1955	2
1956	0
1957	1
1958	1
1959	2
1960	1
1961	2
1962	0
1963	2
1964	0
1965	1
1966	2
1967	0
1968	2
1969	0
1970	1
1971	1
1972	2
1973	0
1974	1
1975	2
1976	0
1977	1
1978	0
1979	0
1980	1
1981	1
1982	1
1983	1
1984	0
1985	1
1986	0
1987	1
1988	2
1989	2
1990	0
1991	2
1992	2
1993	0
1994	1
1995	1
1996	2
1997	0
1998	0
1999	1
