index	prediction
0	1
1	0
2	0
3	0
4	1
5	1
6	0
7	1
8	0
9	0
10	2
11	1
12	0
13	2
14	1
15	2
16	1
17	2
18	1
19	2
20	0
21	0
22	0
23	1
24	1
25	2
26	2
27	1
28	0
29	1
30	0
31	2
32	1
33	1
34	0
35	0
36	0
37	2
38	1
39	0
40	0
41	0
42	0
43	0
44	2
45	2
46	2
47	2
48	2
49	0
50	1
51	0
52	1
53	1
54	1
55	2
56	0
57	1
58	2
59	2
60	0
61	1
62	1
63	2
64	1
65	1
66	0
67	0
68	0
69	0
70	0
71	1
72	1
73	2
74	1
75	1
76	1
77	1
78	0
79	0
80	2
81	0
82	2
83	1
84	1
85	1
86	0
87	0
88	0
89	0
90	2
91	0
92	1
93	2
94	1
95	1
96	1
97	2
98	1
99	2
100	1
101	0
102	0
103	0
104	0
105	2
106	0
107	0
108	2
109	2
110	2
111	0
112	2
113	2
114	1
115	2
116	2
117	1
118	2
119	2
120	2
121	2
122	2
123	2
124	0
125	0
126	0
127	1
128	1
129	1
130	2
131	1
132	1
133	2
134	1
135	0
136	1
137	0
138	1
139	0
140	2
141	0
142	1
143	2
144	2
145	2
146	0
147	2
148	0
149	1
150	2
151	1
152	2
153	1
154	1
155	2
156	2
157	2
158	2
159	0
160	2
161	2
162	2
163	1
164	0
165	1
166	0
167	2
168	0
169	2
170	1
171	2
172	2
173	1
174	1
175	0
176	1
177	2
178	2
179	1
180	2
181	2
182	0
183	0
184	1
185	1
186	2
187	1
188	0
189	1
190	2
191	2
192	1
193	0
194	2
195	1
196	1
197	0
198	1
199	1
200	2
201	2
202	2
203	1
204	2
205	2
206	1
207	2
208	1
209	0
210	0
211	2
212	0
213	2
214	2
215	0
216	1
217	2
218	0
219	0
220	2
221	2
222	2
223	0
224	0
225	0
226	0
227	1
228	1
229	0
230	1
231	1
232	1
233	2
234	2
235	0
236	1
237	1
238	0
239	0
240	0
241	2
242	1
243	1
244	0
245	1
246	1
247	1
248	1
249	0
250	1
251	1
252	0
253	1
254	0
255	2
256	0
257	0
258	1
259	0
260	2
261	1
262	2
263	0
264	1
265	0
266	1
267	0
268	2
269	1
270	1
271	0
272	1
273	2
274	0
275	0
276	2
277	0
278	0
279	2
280	0
281	0
282	1
283	2
284	1
285	1
286	1
287	1
288	2
289	2
290	1
291	1
292	2
293	2
294	1
295	2
296	1
297	2
298	1
299	2
300	0
301	2
302	1
303	0
304	0
305	2
306	2
307	2
308	0
309	0
310	1
311	0
312	2
313	0
314	1
315	0
316	0
317	2
318	1
319	0
320	2
321	1
322	0
323	2
324	0
325	2
326	1
327	2
328	2
329	2
330	2
331	2
332	0
333	2
334	2
335	0
336	1
337	2
338	2
339	1
340	1
341	1
342	1
343	0
344	1
345	2
346	1
347	2
348	0
349	2
350	1
351	1
352	2
353	0
354	0
355	0
356	1
357	0
358	1
359	0
360	2
361	2
362	2
363	2
364	2
365	2
366	1
367	2
368	0
369	0
370	0
371	0
372	2
373	2
374	1
375	0
376	2
377	1
378	2
379	1
380	0
381	0
382	1
383	2
384	2
385	0
386	0
387	0
388	2
389	2
390	0
391	0
392	1
393	0
394	1
395	2
396	1
397	2
398	2
399	2
400	1
401	2
402	2
403	2
404	2
405	0
406	1
407	0
408	2
409	1
410	1
411	1
412	1
413	0
414	0
415	1
416	2
417	1
418	0
419	1
420	2
421	1
422	1
423	1
424	2
425	1
426	2
427	2
428	0
429	0
430	2
431	0
432	0
433	0
434	0
435	2
436	0
437	0
438	2
439	2
440	0
441	0
442	1
443	1
444	2
445	2
446	1
447	0
448	1
449	2
450	2
451	1
452	2
453	1
454	0
455	0
456	1
457	0
458	1
459	1
460	2
461	0
462	0
463	2
464	1
465	1
466	2
467	2
468	2
469	0
470	0
471	0
472	1
473	1
474	2
475	1
476	0
477	2
478	2
479	2
480	2
481	2
482	1
483	0
484	0
485	0
486	0
487	2
488	1
489	2
490	1
491	2
492	0
493	1
494	1
495	0
496	2
497	0
498	0
499	0
500	0
501	2
502	2
503	0
504	1
505	0
506	1
507	2
508	0
509	2
510	1
511	2
512	0
513	2
514	1
515	2
516	2
517	2
518	0
519	2
520	1
521	0
522	1
523	0
524	0
525	2
526	1
527	1
528	2
529	1
530	2
531	0
532	2
533	2
534	0
535	2
536	2
537	1
538	0
539	0
540	0
541	2
542	1
543	1
544	1
545	1
546	2
547	0
548	1
549	1
550	2
551	1
552	1
553	1
554	1
555	1
556	1
557	1
558	1
559	0
560	2
561	1
562	1
563	1
564	1
565	2
566	1
567	0
568	0
569	0
570	1
571	0
572	1
573	2
574	2
575	0
576	1
577	2
578	2
579	0
580	0
581	2
582	0
583	1
584	0
585	2
586	1
587	0
588	1
589	1
590	0
591	2
592	0
593	0
594	2
595	1
596	0
597	0
598	0
599	1
600	1
601	2
602	0
603	2
604	0
605	0
606	2
607	2
608	0
609	0
610	1
611	1
612	2
613	2
614	0
615	2
616	1
617	1
618	1
619	0
620	2
621	1
622	1
623	2
624	0
625	2
626	2
627	0
628	0
629	2
630	1
631	0
632	2
633	2
634	0
635	1
636	1
637	0
638	1
639	0
640	1
641	2
642	0
643	2
644	2
645	0
646	2
647	0
648	0
649	0
650	2
651	0
652	1
653	2
654	0
655	1
656	2
657	0
658	1
659	1
660	1
661	1
662	0
663	2
664	0
665	2
666	1
667	1
668	2
669	0
670	2
671	0
672	2
673	2
674	0
675	2
676	0
677	0
678	2
679	1
680	1
681	1
682	0
683	1
684	1
685	2
686	0
687	0
688	2
689	0
690	0
691	0
692	0
693	2
694	0
695	0
696	2
697	0
698	2
699	2
700	0
701	1
702	0
703	1
704	1
705	2
706	0
707	0
708	1
709	0
710	2
711	0
712	2
713	2
714	2
715	2
716	0
717	1
718	0
719	1
720	0
721	1
722	1
723	1
724	1
725	0
726	2
727	1
728	0
729	1
730	1
731	2
732	1
733	1
734	1
735	0
736	1
737	2
738	1
739	2
740	1
741	2
742	0
743	2
744	1
745	0
746	0
747	1
748	0
749	2
750	1
751	2
752	2
753	0
754	1
755	1
756	0
757	0
758	1
759	1
760	2
761	0
762	0
763	2
764	2
765	2
766	2
767	2
768	0
769	2
770	0
771	2
772	0
773	2
774	1
775	0
776	1
777	2
778	0
779	0
780	0
781	2
782	1
783	0
784	0
785	1
786	0
787	0
788	2
789	0
790	1
791	1
792	1
793	1
794	1
795	1
796	2
797	1
798	1
799	2
800	1
801	2
802	1
803	2
804	0
805	1
806	1
807	1
808	2
809	0
810	1
811	1
812	1
813	2
814	0
815	0
816	1
817	0
818	1
819	1
820	0
821	2
822	0
823	1
824	1
825	0
826	0
827	1
828	1
829	2
830	2
831	0
832	1
833	1
834	1
835	1
836	1
837	0
838	0
839	0
840	1
841	0
842	1
843	0
844	0
845	1
846	2
847	1
848	0
849	2
850	0
851	2
852	1
853	1
854	1
855	1
856	2
857	1
858	1
859	2
860	0
861	2
862	0
863	0
864	0
865	2
866	0
867	1
868	0
869	0
870	2
871	1
872	1
873	1
874	1
875	0
876	2
877	0
878	1
879	2
880	1
881	0
882	0
883	0
884	0
885	1
886	0
887	0
888	0
889	1
890	1
891	1
892	2
893	0
894	2
895	0
896	2
897	2
898	1
899	1
900	0
901	1
902	0
903	0
904	1
905	0
906	2
907	1
908	2
909	0
910	2
911	2
912	0
913	0
914	1
915	0
916	2
917	2
918	1
919	0
920	0
921	1
922	0
923	1
924	2
925	1
926	0
927	0
928	0
929	1
930	2
931	2
932	0
933	1
934	0
935	2
936	2
937	1
938	2
939	2
940	0
941	0
942	1
943	0
944	1
945	0
946	0
947	0
948	1
949	2
950	1
951	2
952	2
953	2
954	2
955	0
956	2
957	0
958	2
959	2
960	2
961	0
962	1
963	2
964	0
965	2
966	1
967	1
968	0
969	1
970	2
971	1
972	0
973	2
974	0
975	2
976	2
977	0
978	0
979	0
980	2
981	0
982	0
983	1
984	0
985	0
986	2
987	0
988	0
989	2
990	2
991	1
992	1
993	2
994	1
995	1
996	2
997	1
998	1
999	2
1000	1
1001	1
1002	1
1003	2
1004	0
1005	0
1006	2
1007	2
1008	1
1009	2
1010	1
1011	0
1012	1
1013	2
1014	2
1015	0
1016	2
1017	1
1018	1
1019	2
1020	1
1021	2
1022	1
1023	1
1024	0
1025	1
1026	2
1027	0
1028	2
1029	1
1030	1
1031	1
1032	2
1033	2
1034	1
1035	1
1036	2
1037	2
1038	2
1039	1
1040	1
1041	2
1042	1
1043	1
1044	1
1045	2
1046	1
1047	0
1048	0
1049	2
1050	2
1051	0
1052	0
1053	0
1054	1
1055	1
1056	0
1057	2
1058	1
1059	1
1060	1
1061	1
1062	0
1063	2
1064	0
1065	1
1066	1
1067	1
1068	0
1069	1
1070	2
1071	2
1072	0
1073	2
1074	2
1075	1
1076	1
1077	1
1078	1
1079	1
1080	1
1081	2
1082	2
1083	2
1084	2
1085	0
1086	0
1087	2
1088	1
1089	2
1090	1
1091	0
1092	0
1093	1
1094	2
1095	0
1096	1
1097	0
1098	0
1099	0
1100	2
1101	1
1102	1
1103	1
1104	1
1105	1
1106	0
1107	2
1108	1
1109	0
1110	0
1111	1
1112	2
1113	0
1114	0
1115	1
1116	2
1117	1
1118	1
1119	1
1120	1
1121	0
1122	1
1123	1
1124	1
1125	2
1126	2
1127	2
1128	2
1129	2
1130	1
1131	1
1132	2
1133	1
1134	1
1135	0
1136	1
1137	1
1138	0
1139	2
1140	1
1141	1
1142	0
1143	0
1144	2
1145	2
1146	1
1147	1
1148	1
1149	1
1150	1
1151	0
1152	1
1153	1
1154	2
1155	1
1156	2
1157	1
1158	1
1159	0
1160	1
1161	1
1162	1
1163	1
1164	0
1165	1
1166	0
1167	0
1168	0
1169	1
1170	1
1171	2
1172	0
1173	0
1174	2
1175	1
1176	0
1177	1
1178	0
1179	0
1180	2
1181	0
1182	2
1183	1
1184	2
1185	1
1186	2
1187	0
1188	2
1189	2
1190	2
1191	0
1192	0
1193	2
1194	2
1195	0
1196	2
1197	0
1198	0
1199	2
1200	1
1201	2
1202	0
1203	1
1204	1
1205	0
1206	0
1207	0
1208	0
1209	1
1210	1
1211	2
1212	1
1213	2
1214	0
1215	2
1216	0
1217	2
1218	2
1219	2
1220	1
1221	0
1222	1
1223	0
1224	0
1225	2
1226	2
1227	1
1228	0
1229	0
1230	1
1231	1
1232	0
1233	0
1234	0
1235	1
1236	0
1237	2
1238	0
1239	0
1240	2
1241	0
1242	0
1243	2
1244	1
1245	0
1246	2
1247	0
1248	1
1249	2
1250	1
1251	0
1252	1
1253	0
1254	2
1255	2
1256	1
1257	0
1258	1
1259	0
1260	1
1261	1
1262	2
1263	0
1264	1
1265	0
1266	2
1267	0
1268	1
1269	1
1270	1
1271	1
1272	2
1273	1
1274	1
1275	0
1276	0
1277	2
1278	1
1279	0
1280	2
1281	0
1282	0
1283	0
1284	0
1285	1
1286	0
1287	1
1288	0
1289	1
1290	0
1291	2
1292	0
1293	1
1294	1
1295	2
1296	2
1297	1
1298	0
1299	1
1300	0
1301	1
1302	2
1303	2
1304	2
1305	1
1306	0
1307	1
1308	1
1309	0
1310	1
1311	2
1312	2
1313	0
1314	2
1315	1
1316	0
1317	2
1318	0
1319	1
1320	0
1321	2
1322	1
1323	2
1324	0
1325	1
1326	2
1327	0
1328	0
1329	1
1330	1
1331	0
1332	2
1333	1
1334	0
1335	1
1336	2
1337	0
1338	2
1339	1
1340	0
1341	0
1342	2
1343	0
1344	1
1345	1
1346	2
1347	0
1348	2
1349	2
1350	2
1351	1
1352	0
1353	0
1354	0
1355	0
1356	1
1357	0
1358	0
1359	2
1360	2
1361	1
1362	1
1363	0
1364	0
1365	0
1366	1
1367	0
1368	0
1369	2
1370	1
1371	0
1372	0
1373	0
1374	2
1375	0
1376	1
1377	1
1378	0
1379	0
1380	2
1381	1
1382	0
1383	1
1384	2
1385	1
1386	1
1387	0
1388	0
1389	0
1390	2
1391	1
1392	1
1393	1
1394	0
1395	2
1396	2
1397	0
1398	2
1399	2
1400	0
1401	1
1402	1
1403	0
1404	1
1405	2
1406	2
1407	1
1408	2
1409	2
1410	1
1411	1
1412	0
1413	2
1414	1
1415	0
1416	2
1417	2
1418	0
1419	2
1420	0
1421	2
1422	2
1423	2
1424	2
1425	2
1426	0
1427	0
1428	1
1429	2
1430	0
1431	2
1432	2
1433	0
1434	2
1435	1
1436	0
1437	1
1438	2
1439	2
1440	0
1441	2
1442	1
1443	1
1444	2
1445	2
1446	0
1447	2
1448	2
1449	1
1450	0
1451	2
1452	2
1453	1
1454	1
1455	0
1456	1
1457	0
1458	2
1459	1
1460	2
1461	1
1462	0
1463	2
1464	1
1465	2
1466	0
1467	1
1468	1
1469	1
1470	0
1471	1
1472	1
1473	2
1474	2
1475	2
1476	0
1477	1
1478	0
1479	0
1480	0
1481	1
1482	0
1483	0
1484	1
1485	1
1486	0
1487	1
1488	0
1489	1
1490	1
1491	2
1492	1
1493	0
1494	0
1495	1
1496	0
1497	0
1498	0
1499	2
1500	0
1501	1
1502	1
1503	2
1504	1
1505	1
1506	2
1507	0
1508	1
1509	1
1510	0
1511	1
1512	2
1513	0
1514	0
1515	0
1516	0
1517	1
1518	2
1519	0
1520	2
1521	2
1522	0
1523	1
1524	0
1525	1
1526	1
1527	0
1528	1
1529	1
1530	0
1531	1
1532	2
1533	0
1534	0
1535	2
1536	0
1537	1
1538	2
1539	1
1540	1
1541	1
1542	1
1543	1
1544	1
1545	2
1546	1
1547	2
1548	1
1549	1
1550	2
1551	1
1552	0
1553	2
1554	2
1555	0
1556	2
1557	2
1558	0
1559	2
1560	1
1561	1
1562	2
1563	1
1564	1
1565	2
1566	1
1567	2
1568	0
1569	1
1570	2
1571	2
1572	2
1573	1
1574	1
1575	2
1576	2
1577	0
1578	1
1579	1
1580	2
1581	0
1582	1
1583	2
1584	2
1585	2
1586	0
1587	0
1588	0
1589	0
1590	2
1591	1
1592	2
1593	0
1594	0
1595	0
1596	0
1597	0
1598	1
1599	2
1600	2
1601	2
1602	1
1603	2
1604	0
1605	1
1606	2
1607	0
1608	0
1609	1
1610	0
1611	0
1612	2
1613	2
1614	2
1615	2
1616	1
1617	1
1618	1
1619	0
1620	1
1621	2
1622	2
1623	1
1624	2
1625	0
1626	2
1627	1
1628	0
1629	0
1630	2
1631	1
1632	0
1633	1
1634	1
1635	0
1636	1
1637	2
1638	2
1639	2
1640	1
1641	2
1642	1
1643	1
1644	1
1645	1
1646	0
1647	0
1648	1
1649	2
1650	2
1651	1
1652	0
1653	2
1654	1
1655	0
1656	1
1657	2
1658	2
1659	1
1660	0
1661	0
1662	0
1663	2
1664	2
1665	0
1666	0
1667	1
1668	2
1669	2
1670	2
1671	1
1672	2
1673	2
1674	2
1675	1
1676	0
1677	1
1678	0
1679	2
1680	0
1681	1
1682	0
1683	0
1684	1
1685	1
1686	1
1687	0
1688	1
1689	0
1690	2
1691	1
1692	1
1693	1
1694	2
1695	2
1696	1
1697	2
1698	2
1699	1
1700	2
1701	1
1702	2
1703	0
1704	0
1705	2
1706	0
1707	1
1708	2
1709	0
1710	0
1711	2
1712	2
1713	1
1714	0
1715	2
1716	0
1717	1
1718	1
1719	0
1720	2
1721	0
1722	2
1723	0
1724	0
1725	1
1726	2
1727	2
1728	0
1729	2
1730	0
1731	0
1732	2
1733	0
1734	1
1735	0
1736	0
1737	1
1738	2
1739	2
1740	1
1741	0
1742	0
1743	0
1744	2
1745	1
1746	0
1747	1
1748	2
1749	2
1750	2
1751	1
1752	1
1753	0
1754	1
1755	0
1756	2
1757	0
1758	1
1759	2
1760	1
1761	0
1762	2
1763	2
1764	1
1765	2
1766	2
1767	1
1768	1
1769	2
1770	2
1771	0
1772	0
1773	1
1774	2
1775	1
1776	1
1777	0
1778	2
1779	1
1780	0
1781	2
1782	2
1783	0
1784	2
1785	2
1786	0
1787	2
1788	2
1789	1
1790	0
1791	1
1792	1
1793	2
1794	1
1795	0
1796	0
1797	1
1798	1
1799	1
1800	1
1801	0
1802	2
1803	2
1804	2
1805	1
1806	2
1807	0
1808	2
1809	0
1810	1
1811	0
1812	2
1813	2
1814	1
1815	1
1816	2
1817	2
1818	0
1819	2
1820	1
1821	0
1822	1
1823	1
1824	1
1825	0
1826	2
1827	0
1828	2
1829	1
1830	0
1831	2
1832	2
1833	2
1834	1
1835	0
1836	0
1837	2
1838	0
1839	2
1840	2
1841	0
1842	0
1843	0
1844	1
1845	1
1846	2
1847	0
1848	2
1849	2
1850	2
1851	2
1852	0
1853	1
1854	2
1855	1
1856	0
1857	0
1858	2
1859	2
1860	2
1861	2
1862	2
1863	0
1864	2
1865	1
1866	2
1867	1
1868	0
1869	2
1870	2
1871	0
1872	0
1873	2
1874	1
1875	1
1876	0
1877	2
1878	0
1879	1
1880	0
1881	0
1882	0
1883	0
1884	1
1885	1
1886	0
1887	2
1888	1
1889	0
1890	1
1891	0
1892	2
1893	1
1894	1
1895	1
1896	2
1897	1
1898	0
1899	1
1900	0
1901	2
1902	2
1903	0
1904	2
1905	2
1906	1
1907	2
1908	1
1909	1
1910	2
1911	0
1912	2
1913	1
1914	0
1915	1
1916	1
1917	0
1918	0
1919	1
1920	1
1921	0
1922	2
1923	0
1924	2
1925	0
1926	0
1927	2
1928	0
1929	2
1930	1
1931	1
1932	1
1933	2
1934	0
1935	1
1936	2
1937	0
1938	2
1939	2
1940	2
1941	2
1942	0
1943	0
1944	1
1945	1
1946	2
1947	0
1948	2
1949	0
1950	0
1951	2
1952	0
1953	1
1954	0
1955	0
1956	2
1957	1
1958	1
1959	2
1960	2
1961	1
1962	0
1963	1
1964	1
1965	1
1966	0
1967	0
1968	0
1969	0
1970	2
1971	0
1972	2
1973	2
1974	1
1975	2
1976	0
1977	2
1978	0
1979	2
1980	2
1981	1
1982	0
1983	2
1984	2
1985	0
1986	0
1987	0
1988	2
1989	2
1990	0
1991	2
1992	0
1993	1
1994	1
1995	1
1996	1
1997	0
1998	0
1999	0
