index	prediction
0	1
1	0
2	2
3	0
4	1
5	1
6	0
7	0
8	0
9	0
10	0
11	2
12	0
13	0
14	0
15	0
16	2
17	1
18	1
19	0
20	0
21	0
22	0
23	1
24	0
25	2
26	2
27	0
28	0
29	0
30	0
31	2
32	1
33	2
34	1
35	0
36	0
37	2
38	2
39	0
40	0
41	0
42	2
43	0
44	2
45	2
46	1
47	2
48	2
49	2
50	0
51	1
52	0
53	0
54	2
55	2
56	0
57	1
58	2
59	1
60	2
61	2
62	0
63	2
64	1
65	1
66	0
67	0
68	1
69	0
70	2
71	1
72	1
73	0
74	2
75	0
76	1
77	0
78	0
79	0
80	2
81	0
82	2
83	0
84	1
85	2
86	0
87	1
88	2
89	0
90	1
91	1
92	0
93	2
94	2
95	1
96	1
97	2
98	0
99	1
100	0
101	2
102	1
103	1
104	0
105	2
106	0
107	0
108	2
109	2
110	2
111	2
112	1
113	2
114	0
115	1
116	2
117	2
118	1
119	2
120	0
121	2
122	1
123	0
124	2
125	0
126	1
127	1
128	0
129	2
130	0
131	0
132	0
133	2
134	2
135	0
136	0
137	0
138	0
139	2
140	2
141	0
142	1
143	2
144	2
145	2
146	0
147	0
148	2
149	0
150	1
151	0
152	2
153	1
154	2
155	2
156	0
157	0
158	1
159	2
160	2
161	0
162	2
163	0
164	1
165	2
166	1
167	0
168	0
169	2
170	0
171	1
172	0
173	1
174	0
175	2
176	2
177	1
178	2
179	2
180	2
181	0
182	0
183	0
184	0
185	1
186	2
187	1
188	0
189	2
190	2
191	2
192	2
193	0
194	0
195	1
196	1
197	0
198	2
199	1
200	2
201	0
202	2
203	0
204	2
205	0
206	0
207	2
208	2
209	0
210	0
211	2
212	2
213	2
214	2
215	2
216	1
217	2
218	0
219	0
220	2
221	2
222	1
223	1
224	1
225	0
226	0
227	1
228	2
229	2
230	1
231	0
232	0
233	1
234	1
235	0
236	0
237	1
238	0
239	0
240	0
241	1
242	0
243	1
244	2
245	1
246	2
247	0
248	1
249	1
250	0
251	1
252	0
253	1
254	0
255	2
256	0
257	0
258	0
259	0
260	2
261	1
262	2
263	0
264	2
265	0
266	1
267	0
268	2
269	1
270	2
271	2
272	2
273	1
274	2
275	0
276	2
277	0
278	0
279	1
280	0
281	0
282	0
283	1
284	0
285	0
286	1
287	1
288	1
289	1
290	2
291	1
292	2
293	2
294	1
295	2
296	1
297	2
298	1
299	0
300	1
301	2
302	0
303	0
304	0
305	1
306	2
307	2
308	0
309	0
310	2
311	2
312	2
313	0
314	1
315	0
316	1
317	0
318	2
319	0
320	2
321	1
322	0
323	2
324	0
325	0
326	2
327	2
328	2
329	0
330	2
331	0
332	1
333	2
334	2
335	0
336	0
337	2
338	2
339	0
340	1
341	0
342	0
343	0
344	0
345	0
346	0
347	0
348	2
349	1
350	1
351	0
352	2
353	0
354	0
355	1
356	2
357	0
358	2
359	0
360	2
361	2
362	0
363	0
364	2
365	2
366	0
367	1
368	0
369	0
370	1
371	2
372	2
373	1
374	2
375	2
376	2
377	0
378	2
379	0
380	1
381	0
382	0
383	0
384	0
385	0
386	0
387	0
388	0
389	2
390	0
391	0
392	0
393	0
394	1
395	1
396	2
397	2
398	1
399	2
400	0
401	2
402	2
403	2
404	0
405	2
406	2
407	0
408	2
409	1
410	1
411	0
412	2
413	1
414	0
415	0
416	1
417	1
418	0
419	2
420	2
421	2
422	1
423	1
424	2
425	1
426	1
427	0
428	0
429	2
430	0
431	2
432	2
433	0
434	2
435	0
436	0
437	2
438	2
439	2
440	0
441	1
442	0
443	2
444	0
445	2
446	0
447	0
448	0
449	0
450	0
451	1
452	2
453	0
454	0
455	0
456	0
457	0
458	2
459	2
460	0
461	0
462	1
463	1
464	0
465	1
466	0
467	0
468	2
469	2
470	0
471	0
472	1
473	1
474	2
475	0
476	0
477	0
478	2
479	2
480	2
481	2
482	1
483	0
484	0
485	0
486	0
487	0
488	2
489	2
490	1
491	2
492	0
493	0
494	1
495	0
496	2
497	0
498	0
499	0
500	0
501	1
502	0
503	0
504	2
505	0
506	1
507	2
508	0
509	2
510	0
511	2
512	0
513	1
514	2
515	1
516	2
517	2
518	0
519	1
520	2
521	0
522	1
523	2
524	0
525	2
526	0
527	2
528	0
529	1
530	2
531	0
532	1
533	2
534	0
535	2
536	0
537	2
538	0
539	0
540	2
541	2
542	0
543	1
544	2
545	0
546	2
547	0
548	2
549	0
550	0
551	1
552	0
553	0
554	0
555	2
556	1
557	0
558	0
559	2
560	2
561	1
562	1
563	1
564	1
565	2
566	0
567	2
568	0
569	0
570	1
571	0
572	1
573	2
574	0
575	0
576	1
577	2
578	2
579	2
580	0
581	2
582	0
583	1
584	0
585	0
586	1
587	2
588	2
589	2
590	0
591	2
592	0
593	0
594	0
595	2
596	2
597	0
598	0
599	1
600	0
601	2
602	1
603	2
604	0
605	0
606	0
607	2
608	0
609	2
610	2
611	1
612	2
613	0
614	0
615	2
616	2
617	1
618	0
619	1
620	2
621	1
622	1
623	2
624	0
625	2
626	0
627	0
628	2
629	2
630	2
631	1
632	2
633	0
634	0
635	2
636	0
637	0
638	2
639	0
640	0
641	1
642	0
643	2
644	2
645	2
646	2
647	0
648	0
649	0
650	0
651	1
652	0
653	0
654	1
655	2
656	2
657	0
658	1
659	1
660	2
661	0
662	2
663	0
664	0
665	2
666	2
667	1
668	0
669	1
670	1
671	0
672	2
673	0
674	2
675	0
676	0
677	2
678	0
679	0
680	1
681	0
682	0
683	2
684	0
685	2
686	0
687	0
688	2
689	0
690	0
691	0
692	2
693	2
694	0
695	0
696	0
697	0
698	2
699	2
700	2
701	0
702	2
703	2
704	0
705	2
706	0
707	0
708	0
709	0
710	0
711	0
712	1
713	2
714	2
715	0
716	0
717	1
718	2
719	2
720	1
721	0
722	1
723	1
724	0
725	2
726	2
727	1
728	0
729	1
730	1
731	0
732	0
733	0
734	0
735	0
736	1
737	2
738	2
739	2
740	1
741	2
742	1
743	1
744	2
745	2
746	0
747	2
748	0
749	2
750	0
751	2
752	0
753	0
754	0
755	1
756	1
757	1
758	1
759	0
760	2
761	0
762	0
763	2
764	1
765	2
766	2
767	2
768	0
769	0
770	2
771	0
772	0
773	2
774	2
775	0
776	1
777	0
778	2
779	0
780	0
781	2
782	1
783	0
784	1
785	1
786	0
787	0
788	2
789	2
790	0
791	0
792	0
793	2
794	1
795	1
796	0
797	1
798	1
799	2
800	1
801	2
802	1
803	2
804	0
805	0
806	0
807	1
808	2
809	0
810	0
811	1
812	2
813	2
814	0
815	2
816	1
817	0
818	1
819	0
820	0
821	1
822	1
823	0
824	1
825	0
826	2
827	0
828	2
829	2
830	2
831	0
832	1
833	1
834	1
835	2
836	1
837	0
838	2
839	0
840	0
841	0
842	2
843	1
844	2
845	1
846	1
847	1
848	0
849	2
850	0
851	2
852	2
853	0
854	0
855	2
856	0
857	0
858	2
859	0
860	0
861	0
862	0
863	0
864	0
865	0
866	0
867	0
868	0
869	0
870	2
871	0
872	0
873	0
874	1
875	0
876	2
877	0
878	0
879	0
880	2
881	0
882	0
883	0
884	0
885	0
886	0
887	0
888	0
889	0
890	1
891	1
892	2
893	0
894	2
895	2
896	1
897	2
898	2
899	0
900	0
901	0
902	0
903	0
904	0
905	2
906	0
907	0
908	1
909	0
910	1
911	0
912	2
913	0
914	1
915	0
916	2
917	2
918	0
919	0
920	2
921	0
922	0
923	0
924	0
925	1
926	2
927	0
928	0
929	0
930	1
931	0
932	0
933	0
934	0
935	0
936	2
937	1
938	1
939	1
940	1
941	1
942	2
943	0
944	2
945	0
946	0
947	0
948	1
949	2
950	2
951	1
952	2
953	2
954	2
955	0
956	2
957	2
958	0
959	2
960	0
961	2
962	1
963	2
964	0
965	2
966	2
967	2
968	0
969	1
970	0
971	2
972	0
973	2
974	0
975	0
976	0
977	0
978	1
979	1
980	1
981	0
982	0
983	0
984	0
985	2
986	2
987	0
988	1
989	0
990	2
991	0
992	2
993	0
994	1
995	2
996	1
997	1
998	0
999	2
1000	0
1001	0
1002	2
1003	0
1004	1
1005	0
1006	2
1007	0
1008	2
1009	1
1010	0
1011	0
1012	1
1013	1
1014	2
1015	1
1016	2
1017	0
1018	2
1019	1
1020	0
1021	1
1022	0
1023	0
1024	1
1025	1
1026	2
1027	1
1028	2
1029	0
1030	1
1031	1
1032	2
1033	2
1034	0
1035	0
1036	2
1037	2
1038	2
1039	0
1040	0
1041	2
1042	0
1043	2
1044	1
1045	2
1046	1
1047	1
1048	0
1049	0
1050	0
1051	0
1052	0
1053	0
1054	2
1055	0
1056	2
1057	2
1058	0
1059	1
1060	1
1061	0
1062	0
1063	2
1064	2
1065	1
1066	1
1067	1
1068	2
1069	1
1070	0
1071	0
1072	1
1073	2
1074	0
1075	0
1076	2
1077	1
1078	0
1079	0
1080	0
1081	0
1082	2
1083	0
1084	1
1085	1
1086	0
1087	2
1088	2
1089	0
1090	1
1091	0
1092	0
1093	1
1094	1
1095	0
1096	0
1097	0
1098	0
1099	0
1100	2
1101	2
1102	0
1103	2
1104	1
1105	2
1106	0
1107	0
1108	0
1109	2
1110	0
1111	2
1112	2
1113	0
1114	0
1115	1
1116	2
1117	2
1118	1
1119	1
1120	0
1121	0
1122	0
1123	1
1124	2
1125	2
1126	2
1127	2
1128	2
1129	2
1130	2
1131	0
1132	0
1133	1
1134	0
1135	1
1136	0
1137	0
1138	0
1139	2
1140	1
1141	0
1142	0
1143	2
1144	1
1145	2
1146	1
1147	0
1148	1
1149	1
1150	0
1151	0
1152	0
1153	0
1154	2
1155	2
1156	1
1157	0
1158	1
1159	0
1160	1
1161	0
1162	1
1163	1
1164	0
1165	1
1166	1
1167	0
1168	0
1169	0
1170	1
1171	2
1172	0
1173	0
1174	2
1175	1
1176	2
1177	0
1178	2
1179	0
1180	2
1181	0
1182	0
1183	2
1184	2
1185	2
1186	2
1187	0
1188	0
1189	1
1190	2
1191	0
1192	0
1193	2
1194	0
1195	0
1196	2
1197	2
1198	1
1199	2
1200	0
1201	2
1202	0
1203	0
1204	0
1205	0
1206	0
1207	0
1208	2
1209	0
1210	0
1211	1
1212	0
1213	1
1214	2
1215	1
1216	1
1217	2
1218	2
1219	0
1220	0
1221	2
1222	1
1223	0
1224	0
1225	2
1226	0
1227	1
1228	0
1229	0
1230	0
1231	0
1232	2
1233	1
1234	0
1235	0
1236	0
1237	2
1238	0
1239	0
1240	0
1241	0
1242	0
1243	2
1244	0
1245	0
1246	2
1247	2
1248	1
1249	0
1250	0
1251	0
1252	2
1253	2
1254	2
1255	2
1256	1
1257	0
1258	0
1259	0
1260	1
1261	2
1262	0
1263	0
1264	0
1265	2
1266	2
1267	0
1268	2
1269	1
1270	0
1271	0
1272	1
1273	0
1274	1
1275	2
1276	0
1277	2
1278	2
1279	0
1280	0
1281	1
1282	0
1283	2
1284	0
1285	0
1286	0
1287	0
1288	0
1289	0
1290	1
1291	0
1292	0
1293	1
1294	1
1295	1
1296	1
1297	2
1298	1
1299	1
1300	0
1301	0
1302	0
1303	2
1304	2
1305	0
1306	0
1307	0
1308	0
1309	0
1310	1
1311	2
1312	2
1313	0
1314	2
1315	1
1316	2
1317	1
1318	0
1319	0
1320	0
1321	2
1322	1
1323	0
1324	0
1325	1
1326	2
1327	2
1328	0
1329	1
1330	2
1331	0
1332	0
1333	2
1334	0
1335	1
1336	1
1337	2
1338	1
1339	1
1340	2
1341	0
1342	0
1343	0
1344	1
1345	0
1346	2
1347	1
1348	1
1349	2
1350	0
1351	1
1352	0
1353	0
1354	2
1355	0
1356	0
1357	2
1358	0
1359	0
1360	0
1361	2
1362	1
1363	1
1364	2
1365	0
1366	0
1367	0
1368	0
1369	2
1370	0
1371	2
1372	0
1373	0
1374	2
1375	2
1376	2
1377	1
1378	0
1379	0
1380	2
1381	1
1382	0
1383	1
1384	2
1385	0
1386	0
1387	0
1388	0
1389	0
1390	1
1391	1
1392	0
1393	0
1394	0
1395	0
1396	2
1397	0
1398	2
1399	2
1400	0
1401	2
1402	1
1403	0
1404	1
1405	0
1406	0
1407	1
1408	0
1409	2
1410	2
1411	1
1412	0
1413	0
1414	0
1415	2
1416	2
1417	2
1418	0
1419	2
1420	2
1421	1
1422	0
1423	0
1424	0
1425	2
1426	1
1427	0
1428	1
1429	0
1430	0
1431	0
1432	2
1433	0
1434	2
1435	0
1436	0
1437	0
1438	2
1439	2
1440	2
1441	0
1442	2
1443	2
1444	2
1445	2
1446	0
1447	2
1448	2
1449	1
1450	0
1451	2
1452	2
1453	0
1454	0
1455	0
1456	1
1457	0
1458	0
1459	0
1460	0
1461	2
1462	0
1463	0
1464	0
1465	2
1466	0
1467	1
1468	2
1469	0
1470	0
1471	0
1472	0
1473	2
1474	1
1475	1
1476	0
1477	1
1478	2
1479	0
1480	2
1481	2
1482	0
1483	0
1484	1
1485	1
1486	0
1487	0
1488	0
1489	0
1490	1
1491	2
1492	1
1493	0
1494	0
1495	0
1496	1
1497	0
1498	2
1499	1
1500	0
1501	2
1502	0
1503	0
1504	0
1505	1
1506	0
1507	0
1508	2
1509	0
1510	0
1511	1
1512	0
1513	0
1514	0
1515	0
1516	0
1517	1
1518	2
1519	0
1520	0
1521	1
1522	2
1523	1
1524	2
1525	2
1526	1
1527	0
1528	1
1529	0
1530	0
1531	0
1532	2
1533	0
1534	0
1535	2
1536	0
1537	2
1538	2
1539	0
1540	2
1541	0
1542	0
1543	0
1544	1
1545	0
1546	0
1547	0
1548	2
1549	1
1550	2
1551	0
1552	0
1553	2
1554	2
1555	1
1556	0
1557	1
1558	0
1559	2
1560	1
1561	0
1562	2
1563	1
1564	1
1565	2
1566	2
1567	2
1568	0
1569	0
1570	2
1571	2
1572	0
1573	2
1574	2
1575	2
1576	2
1577	0
1578	0
1579	1
1580	0
1581	0
1582	0
1583	0
1584	2
1585	0
1586	0
1587	0
1588	0
1589	1
1590	2
1591	1
1592	2
1593	2
1594	0
1595	0
1596	0
1597	0
1598	0
1599	2
1600	2
1601	0
1602	1
1603	2
1604	2
1605	2
1606	0
1607	0
1608	0
1609	2
1610	2
1611	0
1612	2
1613	2
1614	2
1615	1
1616	2
1617	0
1618	0
1619	0
1620	2
1621	0
1622	2
1623	0
1624	1
1625	2
1626	0
1627	0
1628	0
1629	2
1630	0
1631	2
1632	0
1633	1
1634	0
1635	0
1636	0
1637	2
1638	1
1639	2
1640	1
1641	0
1642	0
1643	1
1644	0
1645	1
1646	0
1647	1
1648	0
1649	0
1650	0
1651	1
1652	0
1653	2
1654	1
1655	1
1656	2
1657	2
1658	0
1659	1
1660	0
1661	0
1662	0
1663	2
1664	2
1665	0
1666	0
1667	0
1668	2
1669	0
1670	2
1671	0
1672	2
1673	0
1674	2
1675	0
1676	0
1677	0
1678	0
1679	2
1680	0
1681	1
1682	0
1683	2
1684	0
1685	0
1686	0
1687	0
1688	0
1689	1
1690	2
1691	0
1692	0
1693	1
1694	0
1695	2
1696	1
1697	2
1698	0
1699	1
1700	2
1701	1
1702	2
1703	1
1704	0
1705	0
1706	0
1707	1
1708	1
1709	0
1710	0
1711	1
1712	0
1713	2
1714	0
1715	0
1716	0
1717	2
1718	1
1719	0
1720	0
1721	0
1722	2
1723	0
1724	0
1725	2
1726	2
1727	1
1728	0
1729	2
1730	0
1731	2
1732	2
1733	0
1734	1
1735	0
1736	0
1737	2
1738	0
1739	2
1740	2
1741	0
1742	2
1743	0
1744	2
1745	0
1746	1
1747	2
1748	2
1749	2
1750	0
1751	1
1752	2
1753	0
1754	0
1755	0
1756	1
1757	0
1758	1
1759	0
1760	1
1761	2
1762	2
1763	0
1764	1
1765	2
1766	0
1767	1
1768	2
1769	1
1770	0
1771	2
1772	0
1773	2
1774	2
1775	0
1776	1
1777	0
1778	2
1779	1
1780	0
1781	0
1782	1
1783	0
1784	0
1785	2
1786	0
1787	2
1788	2
1789	1
1790	0
1791	1
1792	2
1793	2
1794	0
1795	0
1796	0
1797	0
1798	0
1799	0
1800	2
1801	0
1802	0
1803	0
1804	2
1805	2
1806	0
1807	1
1808	1
1809	0
1810	0
1811	0
1812	2
1813	0
1814	0
1815	1
1816	0
1817	2
1818	0
1819	1
1820	0
1821	0
1822	0
1823	0
1824	1
1825	0
1826	2
1827	0
1828	2
1829	2
1830	0
1831	0
1832	2
1833	1
1834	1
1835	0
1836	0
1837	2
1838	0
1839	0
1840	2
1841	0
1842	0
1843	0
1844	1
1845	1
1846	2
1847	0
1848	1
1849	2
1850	0
1851	2
1852	0
1853	1
1854	0
1855	0
1856	0
1857	2
1858	0
1859	0
1860	1
1861	2
1862	2
1863	0
1864	2
1865	1
1866	2
1867	0
1868	0
1869	2
1870	0
1871	0
1872	0
1873	2
1874	1
1875	2
1876	0
1877	2
1878	0
1879	2
1880	0
1881	2
1882	0
1883	0
1884	1
1885	0
1886	2
1887	2
1888	1
1889	0
1890	2
1891	1
1892	2
1893	1
1894	1
1895	1
1896	2
1897	2
1898	2
1899	0
1900	0
1901	0
1902	0
1903	1
1904	2
1905	0
1906	1
1907	2
1908	1
1909	2
1910	2
1911	0
1912	0
1913	2
1914	0
1915	1
1916	2
1917	1
1918	0
1919	1
1920	1
1921	0
1922	2
1923	0
1924	2
1925	0
1926	2
1927	1
1928	0
1929	2
1930	1
1931	1
1932	2
1933	2
1934	0
1935	1
1936	2
1937	0
1938	2
1939	0
1940	0
1941	2
1942	1
1943	1
1944	0
1945	0
1946	0
1947	2
1948	0
1949	0
1950	2
1951	2
1952	0
1953	0
1954	2
1955	0
1956	2
1957	1
1958	1
1959	0
1960	2
1961	0
1962	0
1963	0
1964	2
1965	0
1966	0
1967	0
1968	0
1969	0
1970	0
1971	2
1972	2
1973	2
1974	0
1975	2
1976	0
1977	2
1978	0
1979	2
1980	0
1981	0
1982	0
1983	1
1984	0
1985	0
1986	2
1987	0
1988	0
1989	2
1990	0
1991	0
1992	1
1993	0
1994	1
1995	1
1996	2
1997	0
1998	0
1999	1
